5.609247339894588100e-04
3.478695544635855043e-04
6.308705948157922790e-04
5.700654972510425800e-03
2.569035122170100754e-03
3.019552351247960838e-03
1.614536688497998597e-03
9.766986567696702218e-03
1.220896233507029807e-04
8.917930088545496584e-03
4.854855486730798748e-05
1.156646779375781006e-04
1.491777913303507681e-02
5.413507753527319229e-03
1.783450341159305676e-04
6.190881527725007919e-05
6.578463785136366183e-03
1.127922989780788098e-03
5.900078426623528503e-05
2.112620558119249984e-03
4.286535844874019875e-03
5.390672253615775081e-03
2.920163022973278804e-04
6.055834293871228090e-03
2.915872118224467884e-04
8.023259541258441962e-04
4.010025952645445563e-03
1.099513371049688683e-03
1.194049379928784418e-02
3.999902651238833318e-03
1.213260316812558469e-03
6.529276945489986958e-04
1.305244170227190005e-02
2.165899715063032346e-02
7.872696807606775066e-03
6.011928493289196533e-03
2.315921473442013757e-03
1.313466589469547722e-03
7.938693549265261884e-03
2.478454750769347459e-02
3.880783272031752655e-03
7.054854784008128326e-04
6.896853520999039582e-03
3.560897978647020994e-03
2.661023975375000308e-05
4.564979223739826296e-04
6.979640039596813304e-03
1.106300813349493824e-02
5.494135589291193784e-03
2.654071039141452440e-02
4.889944035769933041e-04
3.397039908924949113e-04
6.053361332183109953e-04
3.533732954932067597e-04
1.894183453794603261e-03
1.208808602134705585e-04
2.329398395418378915e-03
2.618558134145696718e-03
3.997561777812491668e-03
1.151873457916129584e-03
1.756857031874189609e-02
2.127978427185390348e-03
1.402674414237159786e-02
2.115944838952645772e-04
8.563403972306173756e-03
8.126340811695206888e-05
3.542523532837596099e-05
1.917697474394453787e-04
6.074019017853594200e-04
2.466601327084693763e-04
4.023126269361005855e-03
8.535509598570498874e-03
5.880851214655766560e-04
8.949480983956099867e-03
1.160616806572277774e-04
1.679982812076280790e-04
1.154198957247603609e-02
2.427846834061717259e-04
3.904453599250445276e-04
5.746642316771053013e-05
5.009903680969471145e-04
8.207520513714966883e-04
1.047263754313834672e-02
6.201711594023802746e-03
1.008758802297499146e-02
4.531677726132395112e-03
3.728755163617710356e-03
1.617655272692384086e-02
7.631615511733049612e-03
6.851303039056935197e-04
1.138795359957226578e-04
2.755328491366229311e-04
1.082212504833600202e-03
1.463758930066804233e-04
2.542729913500187903e-03
3.667543421120912119e-03
3.926033043891059058e-06
1.152161964441260865e-03
8.412153876146976923e-04
3.974025823997689479e-03
4.644062849627521132e-03
3.629702093284069286e-02
4.800596057007509680e-04
2.586505589481282049e-04
1.733428254324420950e-02
6.292418621252614599e-03
2.689689106242006827e-03
4.067319702325919439e-03
3.855323072461693239e-04
1.044543538119481821e-02
6.793559411922542435e-06
1.957592890346714347e-04
7.361751161149513584e-04
2.704573800879825612e-04
2.225678568740338276e-03
3.606215086676875601e-03
7.814923168618616994e-03
4.020469806007685547e-03
3.835649420261133188e-03
3.661399157512723644e-04
7.443540502022245181e-03
6.073824279338780642e-03
3.240036682159103034e-03
7.749268874403584390e-03
1.736825897368932808e-02
3.471091216155906475e-03
1.424537059827819634e-02
7.556034355177912790e-03
2.048636995192484791e-03
6.829806788276381567e-03
8.705062618568537927e-03
6.908273334550726896e-03
3.037871730596689414e-04
5.037257080591222994e-04
6.352821986075176189e-05
7.171041431345824579e-05
1.171372338532056072e-02
1.807282128559220243e-03
2.456713442398788844e-04
2.427421123209348025e-03
3.188300828900878306e-03
4.995445827204349340e-04
9.758798029277896899e-03
1.077947792389641205e-03
2.185741110751262054e-03
8.555511139082041258e-05
3.263723511947771126e-03
2.691841279086648608e-02
1.233566884873264248e-02
3.872784043562819360e-03
3.550133024625246742e-02
1.717242605358502636e-02
3.224304140704725029e-06
7.367157184652063820e-06
4.893773031156710591e-03
2.480836389100758363e-02
5.891707381571483979e-03
2.098381686571873170e-02
3.105251169205535875e-05
1.228804210793517024e-02
9.386649129083926221e-04
4.209374598929939112e-05
1.569800635681519135e-05
3.632168905800087460e-04
2.846711988453827155e-02
3.506164948036576742e-03
1.212788901176301698e-02
1.706533332521617812e-04
1.390230522729732224e-04
5.856504154546255357e-03
9.150557001865253096e-04
6.507467874404738355e-05
8.464266918280118198e-04
5.479300168368418916e-04
3.082352727833295405e-05
7.874583260747583622e-05
1.696753009484888307e-04
2.970802787425936583e-05
3.059841850390926940e-05
2.864377619868416561e-02
3.788451076438054317e-05
2.934382887504032722e-05
1.324248368830633661e-03
3.485922511506551222e-04
4.581293525953754678e-04
7.741397342267916388e-04
1.621085399516846879e-03
8.676772080148557192e-03
7.943716038391932617e-04
3.196694663002990107e-04
4.092097051947120485e-03
9.035417590963600986e-04
1.198310844210804214e-02
2.424221057973774494e-03
1.117498283929593486e-04
6.538087858269729311e-03
6.831276310263990827e-05
3.447790633696876713e-03
8.822138335781665262e-04
7.917334495927527607e-04
1.626901183989760752e-03
2.100853098143126512e-04
1.112857789523404896e-02
4.618436197406068991e-03
5.516021962875417711e-04
4.144900355321724165e-04
5.045676143859864176e-05
5.463070449612545537e-04
2.891779530231197628e-03
2.195886767834299806e-03
3.777256588934841861e-04
5.546371915465049714e-04
1.503380765454636649e-03
1.494580274723247838e-05
1.830335015721033570e-04
1.043925401969377940e-03
3.404870638465682720e-04
1.304208445104284653e-03
1.697304052894721329e-03
3.094654298654756592e-04
7.771016386314863293e-04
8.924163329221432382e-04
5.863136498084783833e-04
5.983864163322094977e-04
8.447071633786805813e-04
2.499903261868769442e-04
2.661906565489187227e-06
4.684741244345189641e-05
7.568118854389091791e-04
2.454509713298617677e-05
3.516335585725132882e-04
4.798972388942310605e-05
1.074893891830541910e-02
5.681390356918504655e-04
1.672087531056144804e-04
1.010259645889901138e-03
5.674114847795754023e-04
4.633940338739600084e-04
5.091119589663444553e-05
2.891302878630786074e-04
