3.633983820708288140e-03
2.123394399970868554e-02
1.588850969740336367e-03
7.151741357496350752e-03
2.836863413391299289e-03
1.920621461193383573e-03
7.547216147155065731e-03
9.763789157154435447e-03
3.699295336481095431e-02
3.410667673883467296e-03
1.002138494757191800e-02
4.862718551712856205e-03
1.893260491614677174e-02
9.003566854339289591e-03
2.238507887801311977e-02
7.606560304559607626e-03
1.338767937272454696e-02
2.377307627443668234e-02
1.225748837174629778e-03
2.194736528990150551e-02
4.384370284752909223e-05
1.620152148066539982e-02
1.159383666178170208e-02
1.297163910697413146e-03
8.007111501123244379e-03
8.835220355949512452e-03
4.392734972816149386e-03
9.766590013978969365e-03
5.228721572427817363e-03
4.365370181656208666e-03
6.416785828412351241e-03
1.424192711887801825e-02
2.370876338035118533e-02
2.192984283731103969e-03
4.057442024857682399e-03
9.886234790215379931e-03
2.024321815088726828e-02
8.744195584792505832e-03
2.788795364797495846e-02
1.473707148319696944e-02
3.140494767396270065e-02
6.215794600627930168e-04
1.024563482683457476e-02
1.644703621806610939e-03
7.548261079478582256e-03
1.166557683766645225e-02
7.231082704786777338e-03
2.028533517306864431e-02
4.883005196734769258e-03
1.816871333853651432e-02
6.511425020757027546e-03
4.491442721172194882e-03
1.203383848908382969e-03
8.153207089498995660e-04
6.810087235408225073e-04
1.327974409073461211e-02
1.888852468616153153e-03
1.650394333535593061e-02
7.630414510945228261e-03
5.233879539689664795e-02
6.894108499580897784e-05
1.755791864188739702e-03
6.024678057026281591e-03
9.571174113290203608e-03
3.413022250139599503e-03
2.706719460830504451e-02
2.258512274055270858e-02
1.436580506794031369e-02
3.984419432070116017e-04
1.137387916652815622e-04
1.995644751380594060e-04
2.827677705903332544e-04
2.745637046567378850e-03
4.908275742067666567e-04
1.151936587277836493e-03
5.546564975696180455e-03
2.267980644981148087e-03
4.153265710693182858e-03
1.042624416712753521e-02
3.056387194983736875e-03
7.102538139349789774e-05
4.504210978399121081e-03
5.918756837656160424e-03
5.721830468514064148e-04
3.470135110632633323e-03
1.173047839665521466e-02
5.844282609615724343e-03
6.328765550372957363e-03
3.300136662493582951e-02
1.591754475664215046e-02
5.296042792702298704e-03
1.143713620639062387e-02
4.897982406101049867e-03
2.934777017726411877e-02
6.137134647077611277e-02
3.335267751206623214e-04
7.475387872775955027e-04
9.387653456832080121e-03
1.392642071258452623e-03
2.049978967357048674e-03
1.256527163384186320e-05
2.550854134166604878e-03
1.954932216730744399e-03
2.425974005655613143e-03
7.060683118989936717e-03
1.661851730959028274e-04
5.664312609029695071e-03
7.407624200097303983e-04
