2.780000000000000000e+02
6.880000000000000000e+02
4.760000000000000000e+02
5.930000000000000000e+02
1.042000000000000000e+03
1.760000000000000000e+02
1.934000000000000000e+03
2.800000000000000000e+02
7.020000000000000000e+02
1.476000000000000000e+03
1.144000000000000000e+03
4.810000000000000000e+02
1.990000000000000000e+02
7.730000000000000000e+02
4.200000000000000000e+01
4.740000000000000000e+02
6.970000000000000000e+02
6.590000000000000000e+02
8.450000000000000000e+02
3.620000000000000000e+02
6.110000000000000000e+02
8.380000000000000000e+02
1.464000000000000000e+03
6.110000000000000000e+02
1.700000000000000000e+02
2.040000000000000000e+02
1.640000000000000000e+02
1.640000000000000000e+02
1.040000000000000000e+02
2.700000000000000000e+01
3.870000000000000000e+02
3.060000000000000000e+02
1.290000000000000000e+02
3.090000000000000000e+02
2.620000000000000000e+02
1.020000000000000000e+02
2.870000000000000000e+02
2.017000000000000000e+03
2.670000000000000000e+02
1.040000000000000000e+03
3.130000000000000000e+02
2.850000000000000000e+02
5.340000000000000000e+02
1.450000000000000000e+02
3.450000000000000000e+02
7.520000000000000000e+02
