9.529200000000005721e-02
2.743399999999998271e-02
1.349999999999999475e-04
1.219999999999999974e-04
6.150000000000000952e-04
5.875999999999998412e-03
6.116000000000004246e-03
8.869999999999994209e-03
1.165500000000001257e-02
1.343000000000000096e-02
3.560000000000003049e-04
8.678999999999995746e-03
7.859999999999992644e-04
7.139999999999995742e-04
6.213999999999998171e-03
4.283000000000000348e-03
8.720000000000002706e-04
1.703999999999998918e-03
4.399999999999999208e-05
2.499999999999998087e-05
8.099999999999993598e-05
3.168000000000001110e-03
1.111999999999999924e-03
2.870000000000001998e-04
5.649999999999997472e-04
2.995600000000000346e-02
7.000000000000005824e-06
2.017000000000000563e-03
4.230000000000001988e-03
2.450000000000002631e-04
1.099999999999999497e-04
1.925999999999998677e-03
4.199999999999998412e-05
7.499999999999999343e-05
3.199999999999998500e-05
3.300000000000002286e-05
2.517000000000001875e-02
6.032000000000003505e-03
5.039999999999998908e-04
3.630000000000000956e-04
1.469999999999998597e-04
3.199999999999998500e-05
1.183000000000001108e-03
1.465000000000000590e-03
1.821999999999999618e-03
1.075379999999999392e-01
9.662999999999994510e-03
3.189999999999998934e-04
2.199999999999999604e-05
2.899999999999996968e-05
1.840000000000000815e-04
4.639999999999995148e-04
6.689999999999996731e-04
3.250000000000001477e-04
6.770000000000003012e-04
1.385999999999998778e-03
3.790000000000004303e-04
1.469999999999998597e-04
1.800000000000000046e-05
1.129999999999999684e-04
7.999999999999996250e-06
4.700000000000002570e-04
7.499999999999999343e-05
2.669999999999999305e-04
5.779999999999998464e-04
2.634999999999998888e-03
1.223099999999999535e-02
1.200960000000001054e-01
3.063999999999998149e-03
1.328600000000000787e-02
7.000000000000003453e-05
1.757000000000000749e-03
4.809999999999999280e-04
3.147400000000000198e-02
2.177999999999999815e-03
9.480000000000001663e-04
3.479999999999997852e-04
1.699999999999999851e-04
4.300000000000002198e-05
1.044000000000000873e-03
9.039999999999997473e-04
7.867000000000007667e-03
4.799999999999999037e-04
1.885499999999998982e-02
5.049999999999998067e-04
6.479299999999992010e-02
2.295000000000000599e-03
6.559000000000003196e-03
7.689999999999997185e-03
8.574999999999999289e-03
5.399999999999999798e-05
5.300000000000004144e-05
1.020000000000000670e-04
9.075999999999992060e-03
1.683999999999999516e-03
2.013000000000000466e-03
1.699999999999998970e-05
1.270000000000000512e-04
1.691999999999999494e-03
9.699999999999995898e-05
9.591999999999992893e-03
7.208999999999998395e-03
1.400000000000001165e-05
3.320000000000002637e-03
1.888000000000000355e-03
1.600000000000001486e-04
8.009999999999999759e-03
2.275499999999999398e-02
8.944999999999996357e-03
1.910000000000001432e-04
5.499999999999995995e-04
1.298000000000000325e-03
1.499999999999999699e-05
1.900000000000002137e-05
4.225999999999999722e-03
1.100899999999999448e-02
1.060000000000000829e-04
6.260000000000004710e-04
2.701999999999999107e-03
2.300000000000001018e-05
3.479999999999997852e-04
7.000000000000005824e-06
5.779999999999998464e-04
1.250000000000000839e-04
2.204899999999999222e-02
3.899999999999998303e-04
2.549999999999999641e-04
5.430999999999997462e-03
4.019999999999996883e-04
1.599999999999999250e-05
2.199999999999999604e-05
7.000000000000005824e-06
3.960000000000001388e-04
3.189999999999998934e-04
7.877999999999997852e-03
8.399999999999996825e-05
2.388000000000000799e-03
1.150000000000000035e-04
2.928000000000000047e-03
4.710999999999995573e-03
2.258000000000000024e-03
2.521999999999997334e-03
1.689999999999999066e-04
2.973000000000002550e-03
3.648000000000000201e-03
1.392999999999998840e-03
1.879999999999998534e-04
5.189999999999998217e-04
1.900000000000002137e-05
7.357000000000000692e-03
6.399999999999997000e-05
1.323999999999999223e-03
6.299999999999995924e-04
1.229999999999999269e-04
4.266999999999995623e-03
2.699999999999999899e-05
4.440000000000000587e-04
2.959000000000002427e-03
1.159999999999998787e-04
3.699999999999998456e-05
1.103000000000000031e-03
4.399999999999999208e-05
4.969999999999998291e-04
9.050000000000002053e-04
1.254999999999999389e-03
1.780000000000001525e-04
3.284999999999999292e-03
1.190999999999999568e-03
2.240000000000001864e-04
7.040800000000001224e-02
3.199999999999998500e-05
1.328000000000000838e-03
1.129999999999999684e-04
1.049000000000000670e-03
3.399999999999997940e-05
2.245999999999998865e-03
2.099999999999999206e-05
1.094999999999999186e-03
1.669999999999998580e-04
6.900000000000003732e-05
9.670000000000008450e-03
2.499999999999998087e-05
1.499999999999999699e-05
1.499999999999999699e-05
8.399999999999996825e-05
2.099999999999999206e-05
1.629999999999999776e-04
2.319999999999997574e-04
7.999999999999996250e-06
2.120000000000001657e-04
7.000000000000005824e-06
1.559999999999999159e-04
7.699999999999994718e-05
7.000000000000005824e-06
2.599999999999998824e-05
3.100000000000000135e-05
7.999999999999996250e-06
2.710000000000002446e-04
1.380000000000000746e-04
1.419999999999998466e-04
4.600000000000002036e-05
1.400000000000001165e-05
1.435999999999999993e-03
3.650000000000003068e-04
6.007000000000005391e-03
8.821000000000004185e-03
9.319999999999999942e-04
4.389999999999999371e-04
6.799999999999995881e-05
1.981999999999998520e-03
3.100000000000000135e-05
1.629999999999999776e-04
4.000000000000003715e-05
1.369999999999999961e-04
3.929999999999996322e-04
1.299999999999999412e-05
