#
#Copyright © 2009-2013, Yevhen Polyhach, Stefan Stoll & Gunnar Jeschke
#
#All rights reserved.
#
#Redistribution and use in source and binary forms, with or without modification, are permitted provided that the following conditions are met:
#
#- Redistributions of source code must retain the above copyright notice, this list of conditions and the following disclaimer.
#- Redistributions in binary form must reproduce the above copyright notice, this list of conditions and the following disclaimer 
#  in the documentation and/or other materials provided with the distribution
#THIS SOFTWARE IS PROVIDED BY THE COPYRIGHT HOLDERS AND CONTRIBUTORS "AS IS" AND ANY EXPRESS OR IMPLIED WARRANTIES, INCLUDING, BUT NOT LIMITED TO, 
#THE IMPLIED WARRANTIES OF MERCHANTABILITY AND FITNESS FOR A PARTICULAR PURPOSE ARE DISCLAIMED. IN NO EVENT SHALL THE COPYRIGHT OWNER OR CONTRIBUTORS 
#BE LIABLE FOR ANY DIRECT, INDIRECT, INCIDENTAL, SPECIAL, EXEMPLARY, OR CONSEQUENTIAL DAMAGES (INCLUDING, BUT NOT LIMITED TO, PROCUREMENT OF SUBSTITUTE 
#GOODS OR SERVICES; LOSS OF USE, DATA, OR PROFITS; OR BUSINESS INTERRUPTION) HOWEVER CAUSED AND ON ANY THEORY OF LIABILITY, WHETHER IN CONTRACT, STRICT 
#LIABILITY, OR TORT (INCLUDING NEGLIGENCE OR OTHERWISE) ARISING IN ANY WAY OUT OF THE USE OF THIS SOFTWARE, EVEN IF ADVISED OF THE POSSIBILITY OF SUCH DAMAGE.
#
1 1 0.013471 2.066154 0.647399 278.000000
1 8 -0.961932 1.901855 -1.091396 278.000000
1 6 -0.562142 1.417404 0.000000 278.000000
1 1 -0.189348 -0.430963 -0.976374 278.000000
1 1 1.950850 0.446065 -0.767269 278.000000
1 1 1.790374 -0.878692 0.146642 278.000000
1 7 1.461730 0.019175 0.000000 278.000000
1 6 0.000000 0.000000 0.000000 278.000000
1 1 -0.331782 -0.242159 2.134309 278.000000
1 1 -1.679870 -0.737301 1.007927 278.000000
1 6 -0.559164 -0.797877 1.191190 278.000000
1 16 0.112034 -2.466888 1.194314 278.000000
1 16 -0.881628 -3.380733 -0.243675 278.000000
1 6 -2.464581 -3.886040 0.498500 278.000000
1 1 -2.777265 -3.087974 1.234118 278.000000
1 1 -3.208156 -3.874362 -0.329030 278.000000
1 6 -2.388710 -5.269189 1.147709 278.000000
1 6 -1.504799 -5.666504 2.090937 278.000000
1 1 -0.615563 -5.144593 2.507045 278.000000
1 6 -1.774522 -7.097401 2.621985 278.000000
1 6 -0.604462 -8.090269 2.535872 278.000000
1 1 -0.845971 -9.028806 3.052407 278.000000
1 1 0.209964 -7.607302 3.064442 278.000000
1 1 -0.200793 -8.341034 1.546959 278.000000
1 6 -2.164390 -7.091621 4.156341 278.000000
1 1 -2.596668 -8.065581 4.266187 278.000000
1 1 -2.987290 -6.406895 4.391190 278.000000
1 1 -1.361215 -6.870957 4.941992 278.000000
1 7 -2.990953 -7.515575 1.766655 278.000000
1 8 -3.163059 -8.757335 1.414359 278.000000
1 6 -3.441877 -6.364354 0.854117 278.000000
1 6 -4.930980 -5.964770 1.213680 278.000000
1 1 -5.041824 -5.903995 2.270198 278.000000
1 1 -5.612616 -6.743500 0.873728 278.000000
1 1 -5.164080 -4.934559 0.779871 278.000000
1 6 -3.413674 -6.771441 -0.612039 278.000000
1 1 -2.331755 -7.142924 -0.696281 278.000000
1 1 -3.631213 -5.932947 -1.329821 278.000000
1 1 -4.047997 -7.649183 -0.689825 278.000000
2 1 -0.348317 2.101777 0.908385 688.000000
2 8 -1.018040 1.875764 -1.014068 688.000000
2 6 -0.562142 1.417404 0.000000 688.000000
2 1 -0.246014 -0.502536 -0.893080 688.000000
2 1 1.802395 -0.803278 -0.514911 688.000000
2 1 1.977889 0.685802 -0.473776 688.000000
2 7 1.461730 0.019175 0.000000 688.000000
2 6 0.000000 0.000000 0.000000 688.000000
2 1 -0.247484 -0.377382 2.143372 688.000000
2 1 -1.698597 -0.728057 1.259744 688.000000
2 6 -0.559164 -0.797877 1.191190 688.000000
2 16 -0.080635 -2.511744 1.289198 688.000000
2 16 -1.291489 -3.371035 -0.207857 688.000000
2 6 -2.956689 -3.784030 0.521662 688.000000
2 1 -3.225938 -2.858609 1.168885 688.000000
2 1 -3.683608 -3.864715 -0.316843 688.000000
2 6 -2.889807 -4.946478 1.363595 688.000000
2 6 -2.713056 -4.987050 2.679254 688.000000
2 1 -2.564228 -4.135175 3.426608 688.000000
2 6 -2.620345 -6.286079 3.363170 688.000000
2 6 -1.292997 -6.708939 4.059678 688.000000
2 1 -0.373962 -6.437872 3.503170 688.000000
2 1 -1.270159 -7.869624 4.170353 688.000000
2 1 -1.193942 -6.232576 5.062189 688.000000
2 6 -3.858748 -6.631513 4.175388 688.000000
2 1 -3.909519 -6.132885 5.136159 688.000000
2 1 -3.816576 -7.752907 4.292973 688.000000
2 1 -4.784888 -6.379328 3.631422 688.000000
2 7 -2.581677 -7.123907 2.079475 688.000000
2 8 -2.244703 -8.392999 2.131820 688.000000
2 6 -2.911597 -6.366967 0.832489 688.000000
2 6 -4.351985 -6.857483 0.352290 688.000000
2 1 -4.432922 -6.535576 -0.724286 688.000000
2 1 -5.145860 -6.344359 0.898671 688.000000
2 1 -4.466074 -7.991275 0.404456 688.000000
2 6 -1.808790 -6.857597 -0.182021 688.000000
2 1 -0.842503 -6.520592 0.102304 688.000000
2 1 -1.974034 -6.453165 -1.160505 688.000000
2 1 -1.846037 -7.949096 -0.258508 688.000000
3 1 -0.378309 1.986357 0.932355 476.000000
3 8 -1.260325 1.895000 -0.910183 476.000000
3 6 -0.562142 1.417404 0.000000 476.000000
3 1 -0.320874 -0.494123 -0.937097 476.000000
3 1 1.885424 -0.206888 -0.902740 476.000000
3 1 1.841415 -0.695870 0.554491 476.000000
3 7 1.461730 0.019175 0.000000 476.000000
3 6 0.000000 0.000000 0.000000 476.000000
3 1 -0.129815 -0.356575 2.073641 476.000000
3 1 -1.683216 -0.782165 1.182195 476.000000
3 6 -0.559164 -0.797877 1.191190 476.000000
3 16 -0.043674 -2.460675 1.073620 476.000000
3 16 -0.904213 -3.264908 -0.523529 476.000000
3 6 -2.484597 -3.706763 0.191091 476.000000
3 1 -2.680119 -3.219881 1.191571 476.000000
3 1 -3.200713 -3.244160 -0.489540 476.000000
3 6 -2.711342 -5.237197 0.301861 476.000000
3 6 -3.207361 -6.066838 -0.690504 476.000000
3 1 -3.461016 -5.751327 -1.716050 476.000000
3 6 -3.198291 -7.512221 -0.320001 476.000000
3 6 -4.688033 -8.015838 -0.378121 476.000000
3 1 -5.111182 -8.030749 -1.433020 476.000000
3 1 -5.301159 -7.378598 0.248478 476.000000
3 1 -4.849508 -9.034766 0.063927 476.000000
3 6 -2.143644 -8.277743 -1.090416 476.000000
3 1 -1.103904 -7.947602 -0.897464 476.000000
3 1 -2.253877 -8.387982 -2.153700 476.000000
3 1 -2.178655 -9.327853 -0.664435 476.000000
3 7 -2.825608 -7.357174 1.130830 476.000000
3 8 -2.717207 -8.375554 1.932492 476.000000
3 6 -2.374880 -6.003434 1.534049 476.000000
3 6 -0.866626 -6.087003 2.048914 476.000000
3 1 -0.705879 -6.885100 2.870318 476.000000
3 1 -0.370151 -5.136916 2.345622 476.000000
3 1 -0.190217 -6.486953 1.252702 476.000000
3 6 -3.195219 -5.465722 2.757028 476.000000
3 1 -3.177672 -6.080117 3.660130 476.000000
3 1 -4.228207 -5.043037 2.463574 476.000000
3 1 -2.573051 -4.589235 3.033182 476.000000
4 1 -0.303373 1.930312 0.963108 593.000000
4 8 -1.443094 1.815956 -0.775320 593.000000
4 6 -0.562142 1.417404 0.000000 593.000000
4 1 -0.325800 -0.418603 -0.942536 593.000000
4 1 2.109622 -0.653477 -0.364779 593.000000
4 1 1.950386 0.763556 0.449204 593.000000
4 7 1.461730 0.019175 0.000000 593.000000
4 6 0.000000 0.000000 0.000000 593.000000
4 1 -0.386604 -0.254338 2.119320 593.000000
4 1 -1.680525 -0.839160 0.922553 593.000000
4 6 -0.559164 -0.797877 1.191190 593.000000
4 16 0.204845 -2.455869 1.154070 593.000000
4 16 -0.756926 -3.460385 -0.338957 593.000000
4 6 -2.293583 -4.058580 0.383530 593.000000
4 1 -2.796039 -3.341080 1.046193 593.000000
4 1 -3.078850 -4.163260 -0.397345 593.000000
4 6 -2.176280 -5.312581 1.140629 593.000000
4 6 -1.559729 -6.500783 0.775104 593.000000
4 1 -1.007083 -6.664398 -0.132141 593.000000
4 6 -1.653406 -7.578146 1.856774 593.000000
4 6 -2.429450 -8.923111 1.402736 593.000000
4 1 -3.524762 -8.748232 1.208669 593.000000
4 1 -2.323412 -9.667399 2.230488 593.000000
4 1 -2.044578 -9.356307 0.461013 593.000000
4 6 -0.304965 -7.929457 2.482378 593.000000
4 1 -0.271929 -8.918341 3.099371 593.000000
4 1 0.079007 -7.160148 3.166613 593.000000
4 1 0.476441 -8.113348 1.667143 593.000000
4 7 -2.606986 -6.904466 2.794412 593.000000
4 8 -2.755237 -7.343629 3.958823 593.000000
4 6 -2.992947 -5.504499 2.441012 593.000000
4 6 -2.471539 -4.626530 3.554835 593.000000
4 1 -2.913829 -4.916591 4.507435 593.000000
4 1 -2.684764 -3.557525 3.462139 593.000000
4 1 -1.398947 -4.764838 3.714552 593.000000
4 6 -4.504235 -5.391208 2.149551 593.000000
4 1 -4.776828 -6.183358 1.427155 593.000000
4 1 -4.887202 -4.459830 1.661091 593.000000
4 1 -4.963361 -5.668867 3.118323 593.000000
5 1 -0.303833 1.938601 0.995626 1042.000000
5 8 -1.450828 1.835420 -0.757306 1042.000000
5 6 -0.562142 1.417404 0.000000 1042.000000
5 1 -0.233749 -0.468466 -0.887689 1042.000000
5 1 1.952808 0.475764 -0.787223 1042.000000
5 1 1.859139 0.501617 0.795218 1042.000000
5 7 1.461730 0.019175 0.000000 1042.000000
5 6 0.000000 0.000000 0.000000 1042.000000
5 1 -0.377184 -0.340668 2.166925 1042.000000
5 1 -1.601924 -0.836980 1.021493 1042.000000
5 6 -0.559164 -0.797877 1.191190 1042.000000
5 16 0.093957 -2.501044 1.239750 1042.000000
5 16 -0.795365 -3.382565 -0.393163 1042.000000
5 6 -2.333018 -4.041577 0.408041 1042.000000
5 1 -2.559994 -4.972594 -0.076349 1042.000000
5 1 -1.948579 -4.396581 1.414047 1042.000000
5 6 -3.476111 -3.115186 0.459895 1042.000000
5 6 -3.882489 -2.153380 -0.396198 1042.000000
5 1 -3.348827 -1.788539 -1.271169 1042.000000
5 6 -5.060610 -1.368105 0.035563 1042.000000
5 6 -4.618254 0.098737 0.184430 1042.000000
5 1 -3.648637 0.315962 0.693571 1042.000000
5 1 -5.361818 0.621919 0.842306 1042.000000
5 1 -4.649437 0.678685 -0.780641 1042.000000
5 6 -6.324995 -1.495562 -0.856665 1042.000000
5 1 -7.167989 -0.735742 -0.611082 1042.000000
5 1 -6.690605 -2.508214 -0.706765 1042.000000
5 1 -6.109849 -1.404263 -2.000578 1042.000000
5 7 -5.324802 -2.148024 1.313945 1042.000000
5 8 -6.406241 -1.862148 2.025898 1042.000000
5 6 -4.318644 -3.121125 1.702368 1042.000000
5 6 -5.150426 -4.461341 1.875133 1042.000000
5 1 -5.926661 -4.719420 1.149885 1042.000000
5 1 -5.697221 -4.238590 2.845047 1042.000000
5 1 -4.446579 -5.302363 2.013745 1042.000000
5 6 -3.542217 -2.523013 2.975198 1042.000000
5 1 -3.954282 -3.022701 3.852190 1042.000000
5 1 -3.538263 -1.381240 3.037245 1042.000000
5 1 -2.497817 -2.777319 2.875128 1042.000000
6 1 -0.538002 1.929910 0.999290 176.000000
6 8 -1.284377 1.794705 -0.882476 176.000000
6 6 -0.562142 1.417404 0.000000 176.000000
6 1 -0.260976 -0.482922 -0.883958 176.000000
6 1 2.007338 -0.489436 -0.713862 176.000000
6 1 1.875690 -0.230061 0.862029 176.000000
6 7 1.461730 0.019175 0.000000 176.000000
6 6 0.000000 0.000000 0.000000 176.000000
6 1 -0.109707 -0.303794 2.090858 176.000000
6 1 -1.711216 -0.820999 1.301370 176.000000
6 6 -0.559164 -0.797877 1.191190 176.000000
6 16 0.087682 -2.533601 0.988305 176.000000
6 16 -1.168223 -3.484230 -0.274948 176.000000
6 6 -2.145836 -4.683249 0.649501 176.000000
6 1 -2.475955 -5.427930 -0.134162 176.000000
6 1 -1.404043 -5.204651 1.378462 176.000000
6 6 -3.406407 -4.057962 1.286106 176.000000
6 6 -4.452842 -3.520532 0.697927 176.000000
6 1 -4.534682 -3.413628 -0.401218 176.000000
6 6 -5.449861 -2.826631 1.629048 176.000000
6 6 -5.503288 -1.219166 1.358648 176.000000
6 1 -6.321640 -0.742535 1.846646 176.000000
6 1 -5.526730 -0.986809 0.224067 176.000000
6 1 -4.627874 -0.752839 1.889317 176.000000
6 6 -6.822845 -3.609909 1.530707 176.000000
6 1 -7.419144 -3.156619 0.701502 176.000000
6 1 -7.396134 -3.460947 2.474977 176.000000
6 1 -6.704327 -4.733828 1.337367 176.000000
6 7 -4.814699 -3.184609 2.933620 176.000000
6 8 -5.317871 -2.861872 4.023406 176.000000
6 6 -3.406760 -3.804753 2.750350 176.000000
6 6 -3.480836 -5.202347 3.483109 176.000000
6 1 -2.607018 -5.807817 3.139966 176.000000
6 1 -4.392645 -5.738452 3.288728 176.000000
6 1 -3.379961 -5.025009 4.580641 176.000000
6 6 -2.399743 -2.837834 3.355885 176.000000
6 1 -2.518547 -1.754952 2.997410 176.000000
6 1 -1.432717 -3.273665 3.159626 176.000000
6 1 -2.503377 -2.723929 4.436403 176.000000
7 1 -1.606856 1.524699 0.506048 1934.000000
7 8 0.322472 2.258888 0.062172 1934.000000
7 6 -0.562142 1.417404 0.000000 1934.000000
7 1 -0.408588 -0.501369 -0.903749 1934.000000
7 1 1.860301 -0.117251 0.890087 1934.000000
7 1 1.853732 0.904868 -0.393428 1934.000000
7 7 1.461730 0.019175 0.000000 1934.000000
7 6 0.000000 0.000000 0.000000 1934.000000
7 1 -0.423120 -0.283602 2.165822 1934.000000
7 1 -1.632276 -0.843392 1.041907 1934.000000
7 6 -0.559164 -0.797877 1.191190 1934.000000
7 16 0.104549 -2.476816 1.254354 1934.000000
7 16 -0.571050 -3.440590 -0.340445 1934.000000
7 6 -2.183086 -4.226350 0.141914 1934.000000
7 1 -2.179393 -5.155065 -0.408142 1934.000000
7 1 -2.143689 -4.556561 1.200838 1934.000000
7 6 -3.342884 -3.353431 -0.163769 1934.000000
7 6 -3.858968 -2.411420 0.587278 1934.000000
7 1 -3.578057 -2.082725 1.602089 1934.000000
7 6 -4.972572 -1.654604 -0.112006 1934.000000
7 6 -6.349108 -1.854454 0.564223 1934.000000
7 1 -6.309531 -1.522226 1.600519 1934.000000
7 1 -6.630939 -2.947474 0.608506 1934.000000
7 1 -7.166943 -1.313389 -0.010936 1934.000000
7 6 -4.703258 -0.111993 -0.273153 1934.000000
7 1 -5.381917 0.513371 -0.868065 1934.000000
7 1 -3.616242 0.071179 -0.670423 1934.000000
7 1 -4.680465 0.188013 0.794496 1934.000000
7 7 -4.981685 -2.464234 -1.445761 1934.000000
7 8 -5.852146 -2.318310 -2.315396 1934.000000
7 6 -3.905617 -3.433756 -1.565122 1934.000000
7 6 -3.029929 -2.919155 -2.705948 1934.000000
7 1 -3.527643 -3.108703 -3.667973 1934.000000
7 1 -2.108942 -3.419038 -2.738514 1934.000000
7 1 -2.737721 -1.861215 -2.613553 1934.000000
7 6 -4.411281 -4.824032 -1.990515 1934.000000
7 1 -3.670998 -5.540737 -2.309761 1934.000000
7 1 -5.192552 -4.817416 -2.795172 1934.000000
7 1 -5.026212 -5.211678 -1.132924 1934.000000
8 1 -0.799966 1.822593 1.023008 280.000000
8 8 -0.508409 2.135174 -1.042897 280.000000
8 6 -0.562142 1.417404 0.000000 280.000000
8 1 -0.178427 -0.387069 -0.984148 280.000000
8 1 2.138073 -0.723118 -0.278293 280.000000
8 1 1.858987 0.702158 0.605233 280.000000
8 7 1.461730 0.019175 0.000000 280.000000
8 6 0.000000 0.000000 0.000000 280.000000
8 1 -0.225975 -0.267983 2.038236 280.000000
8 1 -1.711421 -0.758447 1.135786 280.000000
8 6 -0.559164 -0.797877 1.191190 280.000000
8 16 0.069318 -2.517960 1.142488 280.000000
8 16 -0.635267 -3.292926 -0.605452 280.000000
8 6 -2.223195 -4.108207 -0.260690 280.000000
8 1 -2.222857 -5.086219 -0.750050 280.000000
8 1 -2.264851 -4.371651 0.788489 280.000000
8 6 -3.528385 -3.483903 -0.647353 280.000000
8 6 -3.883992 -2.235651 -0.824252 280.000000
8 1 -3.319682 -1.263008 -0.861308 280.000000
8 6 -5.313215 -1.953414 -1.271523 280.000000
8 6 -6.064484 -1.125677 -0.266967 280.000000
8 1 -6.109403 -1.531901 0.721982 280.000000
8 1 -7.060695 -0.870881 -0.705731 280.000000
8 1 -5.495034 -0.179429 -0.171038 280.000000
8 6 -5.391212 -1.351850 -2.691095 280.000000
8 1 -6.413645 -1.352984 -3.065682 280.000000
8 1 -4.804892 -1.996309 -3.407705 280.000000
8 1 -4.981318 -0.348091 -2.735618 280.000000
8 7 -5.772247 -3.381797 -1.286936 280.000000
8 8 -7.036399 -3.629090 -1.443664 280.000000
8 6 -4.682843 -4.389759 -1.032607 280.000000
8 6 -4.516387 -5.219723 -2.320602 280.000000
8 1 -4.412341 -4.498310 -3.170181 280.000000
8 1 -5.305430 -5.924664 -2.342898 280.000000
8 1 -3.616692 -5.904705 -2.342755 280.000000
8 6 -5.067273 -5.268209 0.105220 280.000000
8 1 -6.016305 -5.832920 -0.059361 280.000000
8 1 -5.339825 -4.524872 0.907369 280.000000
8 1 -4.327964 -6.025175 0.348623 280.000000
9 1 -1.562152 1.492036 0.442648 702.000000
9 8 0.200544 2.386433 -0.283113 702.000000
9 6 -0.562142 1.417404 0.000000 702.000000
9 1 -0.385600 -0.474429 -0.871266 702.000000
9 1 1.973117 -0.530749 0.706076 702.000000
9 1 1.973021 0.877712 -0.058201 702.000000
9 7 1.461730 0.019175 0.000000 702.000000
9 6 0.000000 0.000000 0.000000 702.000000
9 1 -0.129473 -0.368811 2.086392 702.000000
9 1 -1.701544 -0.596960 1.191065 702.000000
9 6 -0.559164 -0.797877 1.191190 702.000000
9 16 -0.105031 -2.531496 1.288355 702.000000
9 16 -1.139596 -3.450748 -0.240825 702.000000
9 6 -2.789342 -3.964031 0.474481 702.000000
9 1 -2.721507 -4.831945 1.128847 702.000000
9 1 -3.154206 -3.117325 1.158357 702.000000
9 6 -3.809185 -4.278440 -0.605611 702.000000
9 6 -3.678710 -5.128070 -1.600306 702.000000
9 1 -2.703535 -5.706118 -1.728099 702.000000
9 6 -4.797982 -5.288065 -2.603333 702.000000
9 6 -4.407023 -4.812243 -4.063736 702.000000
9 1 -4.023168 -3.718611 -4.026605 702.000000
9 1 -5.198549 -4.863231 -4.780593 702.000000
9 1 -3.614856 -5.521679 -4.384013 702.000000
9 6 -5.383077 -6.698293 -2.506859 702.000000
9 1 -5.845687 -7.010010 -1.501026 702.000000
9 1 -4.472525 -7.344049 -2.676062 702.000000
9 1 -6.131049 -6.904724 -3.334113 702.000000
9 7 -5.718522 -4.377237 -1.959862 702.000000
9 8 -6.785225 -4.090587 -2.480002 702.000000
9 6 -5.199911 -3.722421 -0.658047 702.000000
9 6 -6.018239 -4.106069 0.598470 702.000000
9 1 -7.091535 -3.718211 0.577440 702.000000
9 1 -5.471662 -3.658353 1.462115 702.000000
9 1 -6.116575 -5.203453 0.836117 702.000000
9 6 -5.215573 -2.184472 -0.805555 702.000000
9 1 -4.413309 -1.850262 -1.487753 702.000000
9 1 -5.183910 -1.597070 0.171034 702.000000
9 1 -6.139143 -1.776215 -1.215264 702.000000
10 1 -0.639104 1.867982 1.010963 1476.000000
10 8 -0.437153 2.205538 -0.925358 1476.000000
10 6 -0.562142 1.417404 0.000000 1476.000000
10 1 -0.241715 -0.518444 -0.929686 1476.000000
10 1 1.867123 -0.842142 -0.262433 1476.000000
10 1 2.106617 0.732084 -0.353090 1476.000000
10 7 1.461730 0.019175 0.000000 1476.000000
10 6 0.000000 0.000000 0.000000 1476.000000
10 1 -0.405377 -0.247398 2.073592 1476.000000
10 1 -1.677305 -0.889433 1.177940 1476.000000
10 6 -0.559164 -0.797877 1.191190 1476.000000
10 16 0.045567 -2.493859 1.196011 1476.000000
10 16 -0.829334 -3.435070 -0.407644 1476.000000
10 6 -2.465397 -3.977422 0.207238 1476.000000
10 1 -2.282127 -4.603114 1.070596 1476.000000
10 1 -3.113072 -3.111919 0.523541 1476.000000
10 6 -3.307081 -4.675480 -0.843021 1476.000000
10 6 -3.222676 -5.968865 -1.143159 1476.000000
10 1 -2.593804 -6.720698 -0.648839 1476.000000
10 6 -4.205216 -6.420235 -2.223862 1476.000000
10 6 -3.365975 -7.036786 -3.411823 1476.000000
10 1 -2.423137 -6.480046 -3.622263 1476.000000
10 1 -3.977854 -7.049959 -4.362339 1476.000000
10 1 -3.165487 -8.087475 -3.156419 1476.000000
10 6 -5.432505 -7.273003 -1.686375 1476.000000
10 1 -6.382948 -7.130959 -2.281418 1476.000000
10 1 -5.801947 -6.926226 -0.652784 1476.000000
10 1 -5.271156 -8.345125 -1.625374 1476.000000
10 7 -4.744577 -5.061223 -2.652886 1476.000000
10 8 -5.831719 -4.973953 -3.341897 1476.000000
10 6 -4.272737 -3.950074 -1.774449 1476.000000
10 6 -5.435941 -3.632057 -0.746095 1476.000000
10 1 -5.161569 -3.014438 0.158932 1476.000000
10 1 -5.908137 -4.589392 -0.498139 1476.000000
10 1 -6.059321 -2.941055 -1.331970 1476.000000
10 6 -3.845027 -2.810218 -2.689412 1476.000000
10 1 -3.028439 -3.131688 -3.410485 1476.000000
10 1 -3.652484 -1.973322 -1.989354 1476.000000
10 1 -4.629582 -2.556791 -3.396815 1476.000000
11 1 -0.523442 1.858829 1.043071 1144.000000
11 8 -1.199429 1.913420 -0.947594 1144.000000
11 6 -0.562142 1.417404 0.000000 1144.000000
11 1 -0.280363 -0.504911 -0.953970 1144.000000
11 1 1.983017 0.860379 -0.059697 1144.000000
11 1 1.895572 -0.563194 0.678534 1144.000000
11 7 1.461730 0.019175 0.000000 1144.000000
11 6 0.000000 0.000000 0.000000 1144.000000
11 1 -0.279364 -0.346500 2.210396 1144.000000
11 1 -1.669386 -0.953843 1.129967 1144.000000
11 6 -0.559164 -0.797877 1.191190 1144.000000
11 16 0.167059 -2.436903 1.079868 1144.000000
11 16 -0.744980 -3.154382 -0.601001 1144.000000
11 6 -2.303821 -3.809407 0.097686 1144.000000
11 1 -1.839625 -4.649557 0.727024 1144.000000
11 1 -2.819382 -2.989453 0.651753 1144.000000
11 6 -3.260513 -4.291100 -0.993874 1144.000000
11 6 -4.159761 -3.543687 -1.616112 1144.000000
11 1 -4.393431 -2.432481 -1.483850 1144.000000
11 6 -5.006549 -4.311438 -2.616116 1144.000000
11 6 -6.452310 -4.310453 -2.167134 1144.000000
11 1 -6.589437 -4.519260 -1.071232 1144.000000
11 1 -7.134755 -4.897250 -2.849985 1144.000000
11 1 -6.890045 -3.288753 -2.249455 1144.000000
11 6 -4.622819 -3.897801 -4.062102 1144.000000
11 1 -4.808811 -4.772325 -4.788032 1144.000000
11 1 -3.572674 -3.672369 -3.988378 1144.000000
11 1 -5.188112 -3.096449 -4.579395 1144.000000
11 7 -4.523180 -5.794458 -2.394238 1144.000000
11 8 -4.819527 -6.727246 -3.209916 1144.000000
11 6 -3.282133 -5.730695 -1.537108 1144.000000
11 6 -2.067819 -5.977268 -2.401703 1144.000000
11 1 -1.707858 -5.181167 -3.076908 1144.000000
11 1 -2.006400 -6.945149 -2.898261 1144.000000
11 1 -1.221329 -6.031092 -1.642220 1144.000000
11 6 -3.407151 -6.820075 -0.364062 1144.000000
11 1 -2.893124 -6.501009 0.605492 1144.000000
11 1 -3.005595 -7.841117 -0.772927 1144.000000
11 1 -4.493214 -7.021576 -0.097553 1144.000000
12 1 -0.295287 2.030526 0.899001 481.000000
12 8 -1.495400 1.716217 -0.728115 481.000000
12 6 -0.562142 1.417404 0.000000 481.000000
12 1 -0.404811 -0.538238 -0.838935 481.000000
12 1 2.030694 -0.712352 0.217206 481.000000
12 1 2.023657 0.831849 0.075734 481.000000
12 7 1.461730 0.019175 0.000000 481.000000
12 6 0.000000 0.000000 0.000000 481.000000
12 1 -0.108143 -0.272467 2.152462 481.000000
12 1 -1.658179 -0.814745 1.227773 481.000000
12 6 -0.559164 -0.797877 1.191190 481.000000
12 16 0.026163 -2.532328 1.245649 481.000000
12 16 -0.795604 -3.308727 -0.464246 481.000000
12 6 -2.543311 -3.670619 -0.083030 481.000000
12 1 -2.515385 -4.421827 0.775012 481.000000
12 1 -3.041003 -2.762709 0.320728 481.000000
12 6 -3.383517 -4.226225 -1.185329 481.000000
12 6 -3.523418 -3.699602 -2.449826 481.000000
12 1 -3.024094 -2.793608 -2.738273 481.000000
12 6 -4.538646 -4.364968 -3.445476 481.000000
12 6 -5.643553 -3.393155 -4.008993 481.000000
12 1 -5.183072 -2.621909 -4.580841 481.000000
12 1 -6.356012 -3.114972 -3.207048 481.000000
12 1 -6.236840 -3.958089 -4.717059 481.000000
12 6 -3.806697 -5.115882 -4.563566 481.000000
12 1 -4.565868 -5.611440 -5.266794 481.000000
12 1 -3.125261 -5.851537 -4.047310 481.000000
12 1 -3.168628 -4.509503 -5.273879 481.000000
12 7 -5.121255 -5.289295 -2.470591 481.000000
12 8 -6.090082 -6.039480 -2.725929 481.000000
12 6 -4.439336 -5.310361 -1.097008 481.000000
12 6 -3.844999 -6.726310 -0.711782 481.000000
12 1 -3.384280 -6.743727 0.252838 481.000000
12 1 -2.955938 -7.007752 -1.336925 481.000000
12 1 -4.482177 -7.589736 -0.852171 481.000000
12 6 -5.484165 -4.788395 -0.008971 481.000000
12 1 -6.289183 -5.499328 0.129721 481.000000
12 1 -5.943206 -3.804054 -0.304751 481.000000
12 1 -5.025690 -4.682813 1.020503 481.000000
13 1 -0.657330 1.995955 0.955862 199.000000
13 8 -0.825447 1.960229 -1.087908 199.000000
13 6 -0.562142 1.417404 0.000000 199.000000
13 1 -0.292001 -0.436820 -0.942485 199.000000
13 1 2.068410 0.137208 0.818645 199.000000
13 1 2.009687 0.303404 -0.757332 199.000000
13 7 1.461730 0.019175 0.000000 199.000000
13 6 0.000000 0.000000 0.000000 199.000000
13 1 -0.241145 -0.261576 2.189995 199.000000
13 1 -1.661425 -0.778828 1.136047 199.000000
13 6 -0.559164 -0.797877 1.191190 199.000000
13 16 0.052048 -2.560282 1.250542 199.000000
13 16 -1.207094 -3.626945 0.053920 199.000000
13 6 -0.396175 -3.617027 -1.604872 199.000000
13 1 0.615011 -3.102267 -1.439474 199.000000
13 1 -0.283661 -4.669517 -1.981416 199.000000
13 6 -1.190076 -2.793482 -2.599236 199.000000
13 6 -0.734179 -1.656161 -3.013154 199.000000
13 1 0.207673 -1.114891 -2.660529 199.000000
13 6 -1.653565 -1.002298 -3.987494 199.000000
13 6 -2.122228 0.445745 -3.740411 199.000000
13 1 -2.392669 0.588700 -2.662972 199.000000
13 1 -2.970496 0.804214 -4.314358 199.000000
13 1 -1.360099 1.231716 -3.980893 199.000000
13 6 -0.935518 -0.931787 -5.345109 199.000000
13 1 -1.671542 -0.350335 -5.888682 199.000000
13 1 -0.804323 -1.933938 -5.742771 199.000000
13 1 0.018414 -0.409557 -5.306392 199.000000
13 7 -2.778369 -2.049969 -4.042837 199.000000
13 8 -3.775812 -1.830438 -4.798885 199.000000
13 6 -2.557972 -3.234966 -3.183793 199.000000
13 6 -2.439986 -4.500787 -3.962933 199.000000
13 1 -1.943315 -5.324563 -3.343998 199.000000
13 1 -1.885818 -4.323297 -4.907728 199.000000
13 1 -3.439776 -4.938453 -4.322795 199.000000
13 6 -3.838282 -3.269831 -2.234842 199.000000
13 1 -3.853373 -4.226104 -1.585323 199.000000
13 1 -4.785135 -3.085951 -2.719100 199.000000
13 1 -3.636795 -2.470524 -1.465812 199.000000
14 1 -1.607976 1.373018 0.452642 773.000000
14 8 -0.253195 2.164275 -0.887060 773.000000
14 6 -0.562142 1.417404 0.000000 773.000000
14 1 -0.354121 -0.404671 -0.939608 773.000000
14 1 1.830594 0.914878 0.253643 773.000000
14 1 1.906183 -0.583670 0.614647 773.000000
14 7 1.461730 0.019175 0.000000 773.000000
14 6 0.000000 0.000000 0.000000 773.000000
14 1 -0.332435 -0.364714 2.223018 773.000000
14 1 -1.680594 -0.928448 1.202221 773.000000
14 6 -0.559164 -0.797877 1.191190 773.000000
14 16 0.056677 -2.516989 1.196643 773.000000
14 16 -1.028645 -3.193456 -0.396823 773.000000
14 6 0.243755 -4.084171 -1.423376 773.000000
14 1 1.184083 -4.216337 -0.841763 773.000000
14 1 -0.221302 -5.071106 -1.434064 773.000000
14 6 0.485700 -3.609400 -2.878920 773.000000
14 6 -0.240705 -3.577727 -4.012506 773.000000
14 1 -1.270336 -3.885800 -4.196990 773.000000
14 6 0.324530 -3.183361 -5.200565 773.000000
14 6 0.360547 -4.376954 -6.153098 773.000000
14 1 -0.636033 -4.779115 -6.520138 773.000000
14 1 0.881895 -5.284804 -5.648608 773.000000
14 1 0.905438 -4.091127 -7.088636 773.000000
14 6 -0.407344 -1.993429 -5.851067 773.000000
14 1 -1.462978 -2.360412 -5.973965 773.000000
14 1 -0.033192 -1.512076 -6.800799 773.000000
14 1 -0.337029 -1.188357 -5.020449 773.000000
14 7 1.647467 -2.758007 -4.663747 773.000000
14 8 2.630013 -2.478000 -5.447218 773.000000
14 6 1.922009 -3.228927 -3.261067 773.000000
14 6 2.196016 -1.968033 -2.486692 773.000000
14 1 2.271411 -2.233202 -1.441779 773.000000
14 1 1.420837 -1.184009 -2.591936 773.000000
14 1 3.262569 -1.677661 -2.764161 773.000000
14 6 3.077174 -4.336200 -3.225668 773.000000
14 1 3.189376 -4.746770 -2.164156 773.000000
14 1 4.053607 -4.005385 -3.525976 773.000000
14 1 2.789427 -5.326597 -3.745956 773.000000
15 1 -0.715833 1.815372 1.009515 42.000000
15 8 -0.246066 2.094969 -0.995860 42.000000
15 6 -0.562142 1.417404 0.000000 42.000000
15 1 -0.447415 -0.528690 -0.861398 42.000000
15 1 1.882984 0.024071 -0.958301 42.000000
15 1 1.862543 -0.741475 0.445855 42.000000
15 7 1.461730 0.019175 0.000000 42.000000
15 6 0.000000 0.000000 0.000000 42.000000
15 1 -0.176707 -0.269696 2.127380 42.000000
15 1 -1.729205 -0.733345 1.227154 42.000000
15 6 -0.559164 -0.797877 1.191190 42.000000
15 16 0.078480 -2.479548 1.252571 42.000000
15 16 -1.044675 -3.588545 -0.018509 42.000000
15 6 -0.206170 -3.477357 -1.657260 42.000000
15 1 0.774830 -2.946724 -1.389397 42.000000
15 1 0.153543 -4.459372 -1.934187 42.000000
15 6 -0.884576 -2.654423 -2.742425 42.000000
15 6 -2.165440 -2.218909 -2.729962 42.000000
15 1 -2.967874 -2.288405 -1.972157 42.000000
15 6 -2.567328 -1.462418 -3.995010 42.000000
15 6 -3.922525 -2.036026 -4.445117 42.000000
15 1 -4.800956 -1.590488 -4.003885 42.000000
15 1 -4.084761 -3.154230 -4.477859 42.000000
15 1 -3.923261 -1.757848 -5.540193 42.000000
15 6 -2.727604 -0.025559 -3.635055 42.000000
15 1 -3.578770 0.022673 -2.964183 42.000000
15 1 -3.027118 0.626571 -4.502524 42.000000
15 1 -1.816889 0.338998 -3.233190 42.000000
15 7 -1.408235 -1.753663 -4.815441 42.000000
15 8 -1.379075 -1.374314 -6.028324 42.000000
15 6 -0.210952 -2.205454 -4.070199 42.000000
15 6 0.784404 -1.020903 -3.957238 42.000000
15 1 1.142050 -0.806445 -5.015808 42.000000
15 1 1.738229 -1.181743 -3.418681 42.000000
15 1 0.227335 -0.060772 -3.601213 42.000000
15 6 0.405579 -3.412416 -4.869206 42.000000
15 1 -0.267361 -4.346919 -4.865799 42.000000
15 1 1.359753 -3.684980 -4.331256 42.000000
15 1 0.686300 -3.146446 -5.959926 42.000000
16 1 -1.157381 1.632278 0.927252 474.000000
16 8 -0.241923 2.335298 -0.754352 474.000000
16 6 -0.562142 1.417404 0.000000 474.000000
16 1 -0.380330 -0.496068 -0.874170 474.000000
16 1 1.860665 0.826876 0.443311 474.000000
16 1 1.990156 -0.661503 0.545919 474.000000
16 7 1.461730 0.019175 0.000000 474.000000
16 6 0.000000 0.000000 0.000000 474.000000
16 1 -0.275868 -0.251702 2.083644 474.000000
16 1 -1.717952 -0.772335 1.262667 474.000000
16 6 -0.559164 -0.797877 1.191190 474.000000
16 16 -0.140162 -2.542175 1.415757 474.000000
16 16 -1.234830 -3.539922 0.132671 474.000000
16 6 -0.213676 -3.631204 -1.400770 474.000000
16 1 -0.955470 -3.933127 -2.225946 474.000000
16 1 0.206752 -2.609470 -1.643790 474.000000
16 6 0.922493 -4.622264 -1.313390 474.000000
16 6 0.996536 -5.908265 -0.797046 474.000000
16 1 0.135217 -6.380380 -0.216906 474.000000
16 6 2.403896 -6.517718 -0.788970 474.000000
16 6 2.969907 -6.410343 0.677201 474.000000
16 1 3.245752 -5.408555 1.029830 474.000000
16 1 3.879495 -7.067627 0.786726 474.000000
16 1 2.167049 -6.734989 1.393777 474.000000
16 6 2.568238 -7.862437 -1.467796 474.000000
16 1 3.656347 -8.143571 -1.541856 474.000000
16 1 2.004082 -7.915952 -2.398542 474.000000
16 1 2.151131 -8.606156 -0.771865 474.000000
16 7 3.070163 -5.391009 -1.628776 474.000000
16 8 4.333936 -5.379798 -1.818872 474.000000
16 6 2.271802 -4.153740 -1.936290 474.000000
16 6 2.343807 -3.958946 -3.489514 474.000000
16 1 3.397423 -3.818320 -3.859231 474.000000
16 1 1.867586 -3.022985 -3.856846 474.000000
16 1 1.812286 -4.821908 -3.966350 474.000000
16 6 2.949182 -3.000693 -1.221353 474.000000
16 1 3.325699 -3.461146 -0.240208 474.000000
16 1 2.333375 -2.088147 -1.042125 474.000000
16 1 3.911315 -2.713693 -1.775403 474.000000
17 1 -1.685000 1.443502 -0.212927 697.000000
17 8 0.126633 2.408465 -0.156434 697.000000
17 6 -0.562142 1.417404 0.000000 697.000000
17 1 -0.436813 -0.360457 -1.010520 697.000000
17 1 2.000926 0.719095 0.416184 697.000000
17 1 2.031942 -0.622640 -0.475965 697.000000
17 7 1.461730 0.019175 0.000000 697.000000
17 6 0.000000 0.000000 0.000000 697.000000
17 1 -0.131472 -0.355704 2.113305 697.000000
17 1 -1.643347 -0.720803 1.138480 697.000000
17 6 -0.559164 -0.797877 1.191190 697.000000
17 16 -0.104925 -2.596462 1.079131 697.000000
17 16 -1.269039 -3.476315 -0.330500 697.000000
17 6 -0.420352 -3.342126 -1.926746 697.000000
17 1 -1.009758 -2.700290 -2.603898 697.000000
17 1 0.501868 -2.720023 -1.839892 697.000000
17 6 -0.065534 -4.636586 -2.499617 697.000000
17 6 -0.711466 -5.412034 -3.407330 697.000000
17 1 -1.571570 -5.198352 -3.984852 697.000000
17 6 -0.090315 -6.639480 -3.824542 697.000000
17 6 -0.972848 -7.875849 -3.521525 697.000000
17 1 -1.440452 -7.757162 -2.492950 697.000000
17 1 -0.256182 -8.803735 -3.588207 697.000000
17 1 -1.717690 -8.022575 -4.306905 697.000000
17 6 0.271557 -6.668759 -5.384525 697.000000
17 1 -0.567490 -6.654612 -6.139192 697.000000
17 1 0.794809 -7.644337 -5.605922 697.000000
17 1 0.907771 -5.818052 -5.574964 697.000000
17 7 1.139985 -6.556755 -2.969562 697.000000
17 8 1.905354 -7.554866 -2.808731 697.000000
17 6 1.255732 -5.282195 -2.147935 697.000000
17 6 2.522599 -4.589187 -2.633904 697.000000
17 1 2.380663 -4.351016 -3.702487 697.000000
17 1 3.394574 -5.209745 -2.513104 697.000000
17 1 2.646128 -3.634306 -2.066903 697.000000
17 6 1.371431 -5.675674 -0.677615 697.000000
17 1 1.376488 -4.819110 0.022713 697.000000
17 1 2.362709 -6.247171 -0.629453 697.000000
17 1 0.612111 -6.455183 -0.391990 697.000000
18 1 -0.497321 2.012140 0.907130 659.000000
18 8 -0.481998 2.116047 -1.010915 659.000000
18 6 -0.562142 1.417404 0.000000 659.000000
18 1 -0.321127 -0.531972 -0.919742 659.000000
18 1 1.996729 0.223492 0.876864 659.000000
18 1 2.046996 -0.604596 -0.542473 659.000000
18 7 1.461730 0.019175 0.000000 659.000000
18 6 0.000000 0.000000 0.000000 659.000000
18 1 -0.241703 -0.250808 2.091990 659.000000
18 1 -1.674013 -0.919744 1.160843 659.000000
18 6 -0.559164 -0.797877 1.191190 659.000000
18 16 0.070361 -2.520000 1.415489 659.000000
18 16 -0.869472 -3.789743 0.130585 659.000000
18 6 0.190121 -3.840522 -1.280049 659.000000
18 1 -0.432817 -4.304547 -2.054369 659.000000
18 1 0.379572 -2.800931 -1.621238 659.000000
18 6 1.424396 -4.696987 -1.078268 659.000000
18 6 2.700137 -4.313432 -0.869107 659.000000
18 1 3.176077 -3.347929 -0.729023 659.000000
18 6 3.790851 -5.370836 -0.944197 659.000000
18 6 4.760542 -5.114838 -2.133560 659.000000
18 1 5.763855 -5.601721 -1.894314 659.000000
18 1 5.012404 -4.082153 -2.228336 659.000000
18 1 4.367391 -5.532158 -3.109680 659.000000
18 6 4.591031 -5.434258 0.402250 659.000000
18 1 5.323352 -6.285468 0.486492 659.000000
18 1 4.012566 -5.560152 1.336910 659.000000
18 1 5.125096 -4.497765 0.448677 659.000000
18 7 2.895317 -6.603550 -1.096269 659.000000
18 8 3.369633 -7.781016 -1.302220 659.000000
18 6 1.386401 -6.184014 -1.317474 659.000000
18 6 0.590932 -6.906297 -0.244621 659.000000
18 1 0.548088 -7.960134 -0.353314 659.000000
18 1 -0.482403 -6.634095 -0.236535 659.000000
18 1 0.954456 -6.758270 0.834244 659.000000
18 6 0.950159 -6.435497 -2.858561 659.000000
18 1 -0.114541 -6.234850 -3.227991 659.000000
18 1 1.069521 -7.529643 -3.102847 659.000000
18 1 1.684426 -5.823957 -3.493219 659.000000
19 1 -0.519464 1.985934 0.950403 845.000000
19 8 -0.333076 2.141360 -1.030191 845.000000
19 6 -0.562142 1.417404 0.000000 845.000000
19 1 -0.292489 -0.462220 -0.903013 845.000000
19 1 2.040648 0.319301 -0.757372 845.000000
19 1 1.906146 -0.757435 0.385332 845.000000
19 7 1.461730 0.019175 0.000000 845.000000
19 6 0.000000 0.000000 0.000000 845.000000
19 1 -0.313941 -0.389056 2.183288 845.000000
19 1 -1.672654 -0.825236 1.136132 845.000000
19 6 -0.559164 -0.797877 1.191190 845.000000
19 16 -0.090630 -2.611837 1.265832 845.000000
19 16 -1.414982 -3.349793 -0.005167 845.000000
19 6 -0.597286 -3.493431 -1.578874 845.000000
19 1 -1.360998 -3.320489 -2.340533 845.000000
19 1 0.188161 -2.713012 -1.558768 845.000000
19 6 -0.017784 -4.800602 -1.882614 845.000000
19 6 0.585250 -5.625868 -1.058511 845.000000
19 1 0.740271 -5.519039 0.068770 845.000000
19 6 1.101470 -6.852435 -1.743902 845.000000
19 6 2.658008 -6.894659 -1.747961 845.000000
19 1 2.991714 -7.812578 -2.315667 845.000000
19 1 2.960056 -7.024703 -0.733996 845.000000
19 1 3.029822 -5.961307 -2.259727 845.000000
19 6 0.552056 -8.118552 -1.000305 845.000000
19 1 0.796628 -8.145052 0.130232 845.000000
19 1 0.956393 -9.050468 -1.492265 845.000000
19 1 -0.506865 -7.989775 -1.066690 845.000000
19 7 0.471996 -6.772335 -3.034671 845.000000
19 8 0.669277 -7.584965 -4.003140 845.000000
19 6 -0.115161 -5.399722 -3.315376 845.000000
19 6 -1.592871 -5.591247 -3.869410 845.000000
19 1 -2.282833 -4.656382 -3.984868 845.000000
19 1 -2.113843 -6.281478 -3.142239 845.000000
19 1 -1.655042 -6.150512 -4.827519 845.000000
19 6 0.724248 -4.656928 -4.419119 845.000000
19 1 0.474280 -3.519658 -4.566984 845.000000
19 1 0.784016 -5.234409 -5.404893 845.000000
19 1 1.773324 -4.781406 -4.111353 845.000000
20 1 -1.636874 1.493327 0.375489 362.000000
20 8 -0.005304 2.328854 -0.643442 362.000000
20 6 -0.562142 1.417404 0.000000 362.000000
20 1 -0.226194 -0.526366 -0.885297 362.000000
20 1 1.941989 -0.833978 0.138450 362.000000
20 1 2.045669 0.865543 -0.081985 362.000000
20 7 1.461730 0.019175 0.000000 362.000000
20 6 0.000000 0.000000 0.000000 362.000000
20 1 -0.415930 -0.239674 2.177605 362.000000
20 1 -1.694566 -0.879292 1.067225 362.000000
20 6 -0.559164 -0.797877 1.191190 362.000000
20 16 0.092323 -2.495644 1.331820 362.000000
20 16 -0.892766 -3.560976 -0.140997 362.000000
20 6 0.235091 -3.495322 -1.524104 362.000000
20 1 0.594375 -2.480573 -1.613455 362.000000
20 1 1.126652 -4.091302 -1.109546 362.000000
20 6 -0.352973 -3.917753 -2.865789 362.000000
20 6 -1.560236 -3.628168 -3.402176 362.000000
20 1 -2.374097 -3.036846 -2.985816 362.000000
20 6 -1.840225 -4.294253 -4.716629 362.000000
20 6 -3.188486 -5.039047 -4.763644 362.000000
20 1 -3.172866 -5.810425 -5.618420 362.000000
20 1 -4.056475 -4.354910 -4.963070 362.000000
20 1 -3.300423 -5.573530 -3.816581 362.000000
20 6 -1.803611 -3.390402 -5.976184 362.000000
20 1 -1.048113 -2.591856 -5.822662 362.000000
20 1 -2.831626 -2.959296 -6.200478 362.000000
20 1 -1.472297 -3.885309 -6.937837 362.000000
20 7 -0.593984 -5.159213 -4.781003 362.000000
20 8 -0.573416 -6.267174 -5.465423 362.000000
20 6 0.402209 -4.917097 -3.720879 362.000000
20 6 1.582174 -4.250832 -4.379325 362.000000
20 1 1.379301 -3.186504 -4.683924 362.000000
20 1 2.033242 -4.861252 -5.182631 362.000000
20 1 2.452319 -4.139615 -3.745400 362.000000
20 6 0.788222 -6.201044 -2.903772 362.000000
20 1 0.836457 -7.031392 -3.604528 362.000000
20 1 0.132753 -6.422570 -2.069434 362.000000
20 1 1.820117 -6.077629 -2.456997 362.000000
21 1 -0.403101 2.047930 0.837279 611.000000
21 8 -1.221544 1.893014 -0.949759 611.000000
21 6 -0.562142 1.417404 0.000000 611.000000
21 1 -0.432640 -0.490729 -0.934164 611.000000
21 1 2.020255 -0.634997 -0.462410 611.000000
21 1 1.826095 -0.009065 0.882043 611.000000
21 7 1.461730 0.019175 0.000000 611.000000
21 6 0.000000 0.000000 0.000000 611.000000
21 1 -0.360413 -0.241876 2.152271 611.000000
21 1 -1.635856 -0.894000 1.007576 611.000000
21 6 -0.559164 -0.797877 1.191190 611.000000
21 16 0.244165 -2.476236 1.173281 611.000000
21 16 -0.702936 -3.527674 -0.295958 611.000000
21 6 0.248519 -3.458882 -1.785709 611.000000
21 1 0.548014 -2.413514 -2.121258 611.000000
21 1 1.208569 -3.926438 -1.618671 611.000000
21 6 -0.493271 -4.157764 -2.870257 611.000000
21 6 -1.410776 -3.541082 -3.595632 611.000000
21 1 -1.738842 -2.509465 -3.500827 611.000000
21 6 -2.190418 -4.442979 -4.445068 611.000000
21 6 -3.737297 -4.616769 -4.171669 611.000000
21 1 -4.080951 -4.946017 -3.211543 611.000000
21 1 -4.108608 -5.307090 -4.926766 611.000000
21 1 -4.188614 -3.651976 -4.400391 611.000000
21 6 -1.913261 -4.122659 -5.953766 611.000000
21 1 -2.709680 -3.367706 -6.336952 611.000000
21 1 -1.885936 -5.038293 -6.583117 611.000000
21 1 -0.865659 -3.738517 -6.222539 611.000000
21 7 -1.417788 -5.716128 -4.085842 611.000000
21 8 -1.876887 -6.811330 -4.544168 611.000000
21 6 -0.364318 -5.673077 -3.104610 611.000000
21 6 0.970852 -6.236009 -3.756020 611.000000
21 1 1.944019 -5.947917 -3.209183 611.000000
21 1 1.026694 -5.963603 -4.806032 611.000000
21 1 0.838888 -7.325381 -3.733063 611.000000
21 6 -0.699526 -6.612141 -1.902108 611.000000
21 1 0.091768 -6.620892 -1.108558 611.000000
21 1 -0.968043 -7.604664 -2.230903 611.000000
21 1 -1.648431 -6.197339 -1.478197 611.000000
22 1 -0.379604 2.111458 0.833864 838.000000
22 8 -1.408754 1.712735 -0.858374 838.000000
22 6 -0.562142 1.417404 0.000000 838.000000
22 1 -0.392399 -0.525163 -0.869306 838.000000
22 1 2.022038 -0.556073 -0.615794 838.000000
22 1 1.913032 -0.105499 0.861238 838.000000
22 7 1.461730 0.019175 0.000000 838.000000
22 6 0.000000 0.000000 0.000000 838.000000
22 1 -0.286039 -0.406528 2.157740 838.000000
22 1 -1.631142 -0.732339 1.132975 838.000000
22 6 -0.559164 -0.797877 1.191190 838.000000
22 16 -0.062991 -2.538705 1.202488 838.000000
22 16 -1.380407 -3.261325 -0.177074 838.000000
22 6 -0.576092 -3.296106 -1.876167 838.000000
22 1 -0.305866 -2.252590 -2.169816 838.000000
22 1 0.364131 -3.844213 -1.786380 838.000000
22 6 -1.576993 -3.764785 -2.905185 838.000000
22 6 -1.907944 -5.062724 -3.149762 838.000000
22 1 -1.577823 -5.924095 -2.613346 838.000000
22 6 -3.126060 -5.221685 -4.007813 838.000000
22 6 -2.820456 -6.173106 -5.208108 838.000000
22 1 -2.012687 -5.670016 -5.879870 838.000000
22 1 -3.721586 -6.418273 -5.814285 838.000000
22 1 -2.418210 -7.176896 -5.102905 838.000000
22 6 -4.214173 -5.762664 -3.083812 838.000000
22 1 -5.274656 -5.755265 -3.509183 838.000000
22 1 -4.152083 -5.153464 -2.088381 838.000000
22 1 -3.974095 -6.834373 -2.916441 838.000000
22 7 -3.367069 -3.759962 -4.402240 838.000000
22 8 -4.163384 -3.463401 -5.303748 838.000000
22 6 -2.400258 -2.793342 -3.642461 838.000000
22 6 -3.200607 -1.878825 -2.687330 838.000000
22 1 -3.997370 -1.352189 -3.272295 838.000000
22 1 -2.478391 -1.135955 -2.222541 838.000000
22 1 -3.680339 -2.426334 -1.840972 838.000000
22 6 -1.620166 -1.936867 -4.714225 838.000000
22 1 -1.172788 -1.106836 -4.135659 838.000000
22 1 -2.283857 -1.556570 -5.439650 838.000000
22 1 -0.785130 -2.452139 -5.263254 838.000000
23 1 -0.089266 2.148234 0.602842 1464.000000
23 8 -1.334257 1.687724 -0.884158 1464.000000
23 6 -0.562142 1.417404 0.000000 1464.000000
23 1 -0.259739 -0.430422 -0.933143 1464.000000
23 1 1.985407 -0.176831 0.855077 1464.000000
23 1 1.921251 -0.549274 -0.682204 1464.000000
23 7 1.461730 0.019175 0.000000 1464.000000
23 6 0.000000 0.000000 0.000000 1464.000000
23 1 -0.463257 -0.319313 2.220367 1464.000000
23 1 -1.696111 -0.699645 1.034604 1464.000000
23 6 -0.559164 -0.797877 1.191190 1464.000000
23 16 -0.098102 -2.501231 1.291983 1464.000000
23 16 -1.196959 -3.323774 -0.170814 1464.000000
23 6 0.023644 -3.145670 -1.561695 1464.000000
23 1 0.459693 -2.156561 -1.640210 1464.000000
23 1 0.931656 -3.788395 -1.372173 1464.000000
23 6 -0.524261 -3.387387 -2.958975 1464.000000
23 6 -1.357742 -4.296494 -3.405626 1464.000000
23 1 -1.821299 -5.135539 -2.826521 1464.000000
23 6 -1.673765 -4.297138 -4.850737 1464.000000
23 6 -1.217805 -5.594054 -5.500718 1464.000000
23 1 -1.394129 -5.413848 -6.581054 1464.000000
23 1 -1.996362 -6.366070 -5.153290 1464.000000
23 1 -0.154004 -5.967249 -5.274102 1464.000000
23 6 -3.158793 -3.995300 -5.230796 1464.000000
23 1 -3.409154 -2.901415 -5.269736 1464.000000
23 1 -3.900477 -4.427787 -4.502016 1464.000000
23 1 -3.410074 -4.465336 -6.239774 1464.000000
23 7 -0.768502 -3.137658 -5.238205 1464.000000
23 8 -0.781494 -2.639034 -6.405722 1464.000000
23 6 -0.099453 -2.488116 -4.075344 1464.000000
23 6 -0.723341 -1.033904 -3.919700 1464.000000
23 1 -1.835975 -1.047394 -3.738527 1464.000000
23 1 -0.544395 -0.518060 -4.853298 1464.000000
23 1 -0.111185 -0.463813 -3.202715 1464.000000
23 6 1.432942 -2.448277 -4.206147 1464.000000
23 1 1.977688 -2.110499 -3.293902 1464.000000
23 1 1.795146 -1.918710 -5.037002 1464.000000
23 1 1.788717 -3.439601 -4.446206 1464.000000
24 1 -0.160291 1.970540 0.859590 611.000000
24 8 -1.008162 2.006760 -0.973224 611.000000
24 6 -0.562142 1.417404 0.000000 611.000000
24 1 -0.352605 -0.289931 -0.974443 611.000000
24 1 2.094747 -0.220001 -0.793968 611.000000
24 1 2.030056 0.517043 0.629807 611.000000
24 7 1.461730 0.019175 0.000000 611.000000
24 6 0.000000 0.000000 0.000000 611.000000
24 1 0.064275 -1.698798 1.083724 611.000000
24 1 -0.233195 -0.365026 2.126855 611.000000
24 6 -0.559164 -0.797877 1.191190 611.000000
24 16 -2.307283 -1.288241 1.157418 611.000000
24 16 -2.319471 -2.913014 -0.126013 611.000000
24 6 -2.735504 -2.041805 -1.677313 611.000000
24 1 -2.301866 -1.066428 -1.780512 611.000000
24 1 -2.207207 -2.613537 -2.523472 611.000000
24 6 -4.230933 -2.029423 -1.925961 611.000000
24 6 -5.243463 -1.815908 -1.120961 611.000000
24 1 -5.199265 -1.589800 -0.071032 611.000000
24 6 -6.665816 -1.882803 -1.662198 611.000000
24 6 -7.374121 -3.105829 -1.134985 611.000000
24 1 -6.816331 -4.038921 -0.884631 611.000000
24 1 -8.194990 -3.449899 -1.820710 611.000000
24 1 -7.889830 -2.939637 -0.114531 611.000000
24 6 -7.394004 -0.534143 -1.373219 611.000000
24 1 -6.818215 0.351374 -1.721543 611.000000
24 1 -7.484130 -0.468142 -0.310386 611.000000
24 1 -8.393827 -0.377134 -1.892439 611.000000
24 7 -6.250396 -2.109173 -3.133674 611.000000
24 8 -7.081328 -1.843593 -4.053168 611.000000
24 6 -4.764519 -2.184739 -3.337407 611.000000
24 6 -4.339886 -1.044846 -4.334528 611.000000
24 1 -4.325958 0.014016 -3.962298 611.000000
24 1 -4.974251 -1.050486 -5.241299 611.000000
24 1 -3.300463 -1.374838 -4.702999 611.000000
24 6 -4.577003 -3.665440 -3.853115 611.000000
24 1 -5.071894 -4.348082 -3.133411 611.000000
24 1 -3.493595 -4.038744 -3.893001 611.000000
24 1 -4.945826 -3.824770 -4.902323 611.000000
25 1 0.102182 2.079106 0.630451 170.000000
25 8 -1.229733 1.889170 -0.897906 170.000000
25 6 -0.562142 1.417404 0.000000 170.000000
25 1 -0.396992 -0.414805 -0.953936 170.000000
25 1 1.982621 0.029180 0.847984 170.000000
25 1 1.916817 -0.551388 -0.655780 170.000000
25 7 1.461730 0.019175 0.000000 170.000000
25 6 0.000000 0.000000 0.000000 170.000000
25 1 -0.000430 -1.752236 1.092752 170.000000
25 1 -0.167329 -0.187146 2.093055 170.000000
25 6 -0.559164 -0.797877 1.191190 170.000000
25 16 -2.354830 -1.059091 1.301169 170.000000
25 16 -2.419946 -2.566700 -0.031166 170.000000
25 6 -2.824593 -1.954694 -1.652911 170.000000
25 1 -2.181997 -1.100044 -2.100932 170.000000
25 1 -2.630266 -2.773547 -2.371944 170.000000
25 6 -4.319619 -1.603799 -1.855585 170.000000
25 6 -4.978197 -0.443229 -1.751092 170.000000
25 1 -4.585126 0.564235 -1.545803 170.000000
25 6 -6.429543 -0.481770 -2.050173 170.000000
25 6 -7.226197 -0.144817 -0.705405 170.000000
25 1 -7.111897 0.900399 -0.408922 170.000000
25 1 -6.874626 -0.741922 0.213627 170.000000
25 1 -8.310928 -0.374317 -0.700858 170.000000
25 6 -7.028958 0.448560 -3.127297 170.000000
25 1 -6.653772 -0.024569 -4.015229 170.000000
25 1 -6.709857 1.487210 -3.028513 170.000000
25 1 -8.145346 0.459261 -3.093064 170.000000
25 7 -6.642616 -1.946968 -2.212603 170.000000
25 8 -7.790220 -2.465159 -2.515568 170.000000
25 6 -5.309356 -2.736774 -2.176735 170.000000
25 6 -5.134447 -3.449311 -3.626003 170.000000
25 1 -4.244537 -4.053698 -3.696024 170.000000
25 1 -5.270508 -2.753900 -4.483111 170.000000
25 1 -6.064699 -4.176861 -3.658327 170.000000
25 6 -5.407718 -3.690360 -0.988155 170.000000
25 1 -5.598859 -3.108395 -0.118194 170.000000
25 1 -4.505650 -4.329372 -0.862997 170.000000
25 1 -6.315236 -4.371401 -1.032137 170.000000
26 1 -0.235771 2.080678 0.783587 204.000000
26 8 -0.712219 1.976220 -1.133561 204.000000
26 6 -0.562142 1.417404 0.000000 204.000000
26 1 -0.254144 -0.460194 -0.907725 204.000000
26 1 1.907576 0.142319 0.825107 204.000000
26 1 2.000286 -0.511200 -0.654063 204.000000
26 7 1.461730 0.019175 0.000000 204.000000
26 6 0.000000 0.000000 0.000000 204.000000
26 1 0.079471 -1.699459 1.220281 204.000000
26 1 -0.351719 -0.205931 2.117881 204.000000
26 6 -0.559164 -0.797877 1.191190 204.000000
26 16 -2.363612 -0.989710 0.913108 204.000000
26 16 -2.474311 -2.335911 -0.513503 204.000000
26 6 -2.416038 -1.367820 -2.113034 204.000000
26 1 -2.028801 -0.317152 -1.995098 204.000000
26 1 -1.637865 -1.851016 -2.776382 204.000000
26 6 -3.757949 -1.405166 -2.859903 204.000000
26 6 -4.262300 -2.350825 -3.652790 204.000000
26 1 -3.796273 -3.287905 -3.978530 204.000000
26 6 -5.638560 -2.072846 -4.148325 204.000000
26 6 -5.714946 -1.953523 -5.672190 204.000000
26 1 -6.747667 -1.658518 -5.945505 204.000000
26 1 -5.321628 -2.845161 -6.161766 204.000000
26 1 -5.108104 -1.104195 -5.996742 204.000000
26 6 -6.619318 -3.218940 -3.604622 204.000000
26 1 -6.068575 -4.200895 -3.584192 204.000000
26 1 -7.477490 -3.297469 -4.330954 204.000000
26 1 -7.044502 -2.890977 -2.623679 204.000000
26 7 -5.836692 -0.720179 -3.532904 204.000000
26 8 -6.729570 0.142409 -3.806037 204.000000
26 6 -4.652219 -0.246192 -2.672001 204.000000
26 6 -5.115089 -0.062922 -1.306380 204.000000
26 1 -5.141001 -0.953911 -0.711286 204.000000
26 1 -6.125812 0.436983 -1.184179 204.000000
26 1 -4.369760 0.652635 -0.828028 204.000000
26 6 -4.119634 1.116795 -3.279738 204.000000
26 1 -4.941292 1.893063 -3.308564 204.000000
26 1 -3.885170 0.884979 -4.305656 204.000000
26 1 -3.256297 1.558129 -2.760752 204.000000
27 1 -0.920231 1.792730 1.024317 164.000000
27 8 -0.248770 2.175229 -0.941846 164.000000
27 6 -0.562142 1.417404 0.000000 164.000000
27 1 -0.273640 -0.525773 -0.925629 164.000000
27 1 1.901353 -0.781985 0.367023 164.000000
27 1 2.106349 0.787259 0.280444 164.000000
27 7 1.461730 0.019175 0.000000 164.000000
27 6 0.000000 0.000000 0.000000 164.000000
27 1 -0.021840 -1.785820 1.120927 164.000000
27 1 -0.335856 -0.251922 2.093312 164.000000
27 6 -0.559164 -0.797877 1.191190 164.000000
27 16 -2.322790 -1.134185 1.332204 164.000000
27 16 -2.655929 -2.898104 0.376653 164.000000
27 6 -3.067235 -2.353042 -1.245312 164.000000
27 1 -2.432250 -1.454078 -1.436754 164.000000
27 1 -2.755005 -3.112824 -1.961710 164.000000
27 6 -4.507062 -1.991440 -1.528624 164.000000
27 6 -5.556762 -2.677326 -1.159820 164.000000
27 1 -5.550525 -3.637838 -0.548806 164.000000
27 6 -6.819126 -2.131127 -1.545904 164.000000
27 6 -7.489833 -3.024049 -2.592371 164.000000
27 1 -6.787619 -3.392187 -3.384360 164.000000
27 1 -8.325705 -2.449072 -3.013653 164.000000
27 1 -8.029005 -3.902127 -2.143785 164.000000
27 6 -7.632489 -1.698966 -0.327086 164.000000
27 1 -7.802864 -2.654843 0.321785 164.000000
27 1 -8.621433 -1.258773 -0.678591 164.000000
27 1 -7.092344 -0.946658 0.269919 164.000000
27 7 -6.355694 -0.818352 -2.237089 164.000000
27 8 -7.195316 0.031315 -2.786434 164.000000
27 6 -4.847796 -0.695217 -2.367283 164.000000
27 6 -4.506312 0.696649 -1.792846 164.000000
27 1 -3.426397 1.015498 -1.919275 164.000000
27 1 -4.706929 0.832034 -0.672478 164.000000
27 1 -4.977556 1.478032 -2.453222 164.000000
27 6 -4.420801 -0.827691 -3.828179 164.000000
27 1 -4.825699 0.070131 -4.373939 164.000000
27 1 -4.805671 -1.789219 -4.196815 164.000000
27 1 -3.362721 -0.835772 -3.872630 164.000000
28 1 -0.809179 1.845710 1.017311 164.000000
28 8 -0.589773 2.133779 -1.057954 164.000000
28 6 -0.562142 1.417404 0.000000 164.000000
28 1 -0.321355 -0.502765 -0.886576 164.000000
28 1 1.963900 -0.515174 -0.622804 164.000000
28 1 1.727599 -0.338504 0.902246 164.000000
28 7 1.461730 0.019175 0.000000 164.000000
28 6 0.000000 0.000000 0.000000 164.000000
28 1 -0.188879 -1.778719 1.256370 164.000000
28 1 -0.252221 -0.217991 2.113460 164.000000
28 6 -0.559164 -0.797877 1.191190 164.000000
28 16 -2.355258 -1.062393 1.146036 164.000000
28 16 -2.569187 -2.936853 0.247910 164.000000
28 6 -2.894076 -2.523600 -1.461777 164.000000
28 1 -3.867463 -2.939920 -1.923229 164.000000
28 1 -3.068703 -1.371572 -1.514178 164.000000
28 6 -1.759017 -2.758141 -2.367642 164.000000
28 6 -0.736047 -3.630401 -2.329691 164.000000
28 1 -0.659940 -4.354035 -1.487414 164.000000
28 6 0.201908 -3.643894 -3.450023 164.000000
28 6 1.575366 -3.261108 -2.842418 164.000000
28 1 1.617355 -2.228392 -2.454389 164.000000
28 1 2.263445 -3.310223 -3.676031 164.000000
28 1 1.854214 -4.036414 -2.124765 164.000000
28 6 0.342138 -4.953434 -4.107571 164.000000
28 1 -0.732398 -5.404674 -4.201279 164.000000
28 1 1.032522 -5.599930 -3.470534 164.000000
28 1 0.892850 -4.879351 -5.071929 164.000000
28 7 -0.459439 -2.577051 -4.225240 164.000000
28 8 -0.081433 -2.289474 -5.452913 164.000000
28 6 -1.807343 -2.107160 -3.769718 164.000000
28 6 -2.925360 -2.730373 -4.596937 164.000000
28 1 -2.756354 -2.522189 -5.631989 164.000000
28 1 -3.911948 -2.380099 -4.238519 164.000000
28 1 -2.848237 -3.800122 -4.463115 164.000000
28 6 -1.914527 -0.515265 -3.990643 164.000000
28 1 -2.960187 -0.217790 -3.978900 164.000000
28 1 -1.463132 -0.100168 -4.885362 164.000000
28 1 -1.437029 0.086016 -3.113469 164.000000
29 1 -0.275080 2.129498 0.806153 104.000000
29 8 -1.222313 1.861671 -0.987865 104.000000
29 6 -0.562142 1.417404 0.000000 104.000000
29 1 -0.245264 -0.411464 -0.925023 104.000000
29 1 1.959605 -0.240874 -0.780564 104.000000
29 1 1.991792 -0.358973 0.820357 104.000000
29 7 1.461730 0.019175 0.000000 104.000000
29 6 0.000000 0.000000 0.000000 104.000000
29 1 0.013110 -1.773603 1.111979 104.000000
29 1 -0.268595 -0.346549 2.168402 104.000000
29 6 -0.559164 -0.797877 1.191190 104.000000
29 16 -2.420311 -1.092958 1.075038 104.000000
29 16 -2.677460 -3.010377 0.488202 104.000000
29 6 -2.841320 -2.983029 -1.300153 104.000000
29 1 -3.838795 -3.362311 -1.629815 104.000000
29 1 -2.875790 -1.921135 -1.557472 104.000000
29 6 -1.703652 -3.592450 -2.050582 104.000000
29 6 -0.881400 -2.869867 -2.833986 104.000000
29 1 -0.911223 -1.840699 -3.037912 104.000000
29 6 0.158549 -3.707268 -3.510406 104.000000
29 6 0.331599 -3.631451 -4.997817 104.000000
29 1 1.238828 -4.134037 -5.342476 104.000000
29 1 0.278121 -2.581906 -5.413241 104.000000
29 1 -0.550173 -4.113938 -5.572135 104.000000
29 6 1.504673 -3.305783 -2.872461 104.000000
29 1 2.314163 -3.737358 -3.433587 104.000000
29 1 1.537361 -3.487959 -1.820690 104.000000
29 1 1.646553 -2.254543 -3.009905 104.000000
29 7 -0.258236 -5.088714 -3.089340 104.000000
29 8 0.267220 -6.199245 -3.413920 104.000000
29 6 -1.457498 -5.109456 -2.155258 104.000000
29 6 -1.078055 -5.864181 -0.820874 104.000000
29 1 -1.928470 -5.871234 -0.037585 104.000000
29 1 -0.285703 -5.339803 -0.394544 104.000000
29 1 -0.765417 -6.900395 -1.081126 104.000000
29 6 -2.614049 -5.969198 -2.786450 104.000000
29 1 -2.802860 -5.407048 -3.675759 104.000000
29 1 -3.456242 -6.000909 -2.079135 104.000000
29 1 -2.315913 -7.015210 -2.967742 104.000000
30 1 -0.410293 1.974777 0.913957 27.000000
30 8 -1.343541 1.848042 -0.843696 27.000000
30 6 -0.562142 1.417404 0.000000 27.000000
30 1 -0.278359 -0.424810 -0.927420 27.000000
30 1 2.012101 -0.403929 -0.801177 27.000000
30 1 1.852878 -0.476448 0.770792 27.000000
30 7 1.461730 0.019175 0.000000 27.000000
30 6 0.000000 0.000000 0.000000 27.000000
30 1 0.084197 -1.767473 1.150469 27.000000
30 1 -0.295210 -0.316890 2.157212 27.000000
30 6 -0.559164 -0.797877 1.191190 27.000000
30 16 -2.357481 -1.054260 0.881576 27.000000
30 16 -2.514717 -2.681332 -0.343240 27.000000
30 6 -2.212911 -1.970787 -2.028366 27.000000
30 1 -3.121868 -2.140583 -2.596605 27.000000
30 1 -2.179021 -0.815287 -1.913166 27.000000
30 6 -0.963378 -2.452668 -2.736076 27.000000
30 6 0.165750 -2.988005 -2.269036 27.000000
30 1 0.519713 -3.200443 -1.224504 27.000000
30 6 1.209751 -3.318916 -3.289748 27.000000
30 6 2.462366 -2.389237 -3.178903 27.000000
30 1 2.969743 -2.186246 -4.090287 27.000000
30 1 3.191886 -2.948127 -2.622280 27.000000
30 1 2.188699 -1.517372 -2.560623 27.000000
30 6 1.486117 -4.819853 -3.041705 27.000000
30 1 0.570977 -5.490779 -3.112061 27.000000
30 1 1.907875 -5.011748 -2.028989 27.000000
30 1 2.224490 -5.034361 -3.822405 27.000000
30 7 0.314477 -3.059315 -4.544482 27.000000
30 8 0.831143 -3.114511 -5.719769 27.000000
30 6 -0.970633 -2.292365 -4.208293 27.000000
30 6 -2.153704 -3.022777 -4.915169 27.000000
30 1 -3.157967 -2.551978 -4.684741 27.000000
30 1 -2.187991 -4.111940 -4.506796 27.000000
30 1 -2.039428 -3.082400 -6.042908 27.000000
30 6 -0.853466 -0.770848 -4.684226 27.000000
30 1 -0.806105 -0.860156 -5.814016 27.000000
30 1 -0.026596 -0.229211 -4.239695 27.000000
30 1 -1.829772 -0.228789 -4.368057 27.000000
31 1 0.074103 2.124416 0.625969 387.000000
31 8 -1.274066 1.895320 -0.936590 387.000000
31 6 -0.562142 1.417404 0.000000 387.000000
31 1 -0.271302 -0.444163 -0.889831 387.000000
31 1 1.900505 -0.789207 -0.260330 387.000000
31 1 2.024099 0.551456 0.614039 387.000000
31 7 1.461730 0.019175 0.000000 387.000000
31 6 0.000000 0.000000 0.000000 387.000000
31 1 0.020130 -1.672787 1.268132 387.000000
31 1 -0.474564 -0.234527 2.151193 387.000000
31 6 -0.559164 -0.797877 1.191190 387.000000
31 16 -2.367611 -1.145219 0.972115 387.000000
31 16 -2.436234 -2.633942 -0.423232 387.000000
31 6 -2.664922 -1.862744 -2.046754 387.000000
31 1 -3.580011 -1.227834 -1.952486 387.000000
31 1 -1.827960 -1.127134 -2.344512 387.000000
31 6 -2.766083 -2.881159 -3.121905 387.000000
31 6 -3.314939 -4.047261 -3.110423 387.000000
31 1 -3.886973 -4.510317 -2.259270 387.000000
31 6 -3.142063 -4.855821 -4.423592 387.000000
31 6 -2.281569 -6.098925 -4.409087 387.000000
31 1 -1.259023 -5.929028 -3.994097 387.000000
31 1 -2.157128 -6.537790 -5.425962 387.000000
31 1 -2.806598 -6.803303 -3.752050 387.000000
31 6 -4.545600 -5.139405 -4.899103 387.000000
31 1 -5.138729 -5.835566 -4.259598 387.000000
31 1 -4.463603 -5.636486 -5.872387 387.000000
31 1 -5.099057 -4.235218 -4.907377 387.000000
31 7 -2.472849 -3.752645 -5.292787 387.000000
31 8 -2.182882 -3.924054 -6.497618 387.000000
31 6 -1.954059 -2.663542 -4.400508 387.000000
31 6 -2.466019 -1.432148 -5.149244 387.000000
31 1 -2.298410 -1.355916 -6.255399 387.000000
31 1 -2.021081 -0.465493 -4.826039 387.000000
31 1 -3.588387 -1.338565 -5.146724 387.000000
31 6 -0.375168 -2.597812 -4.291396 387.000000
31 1 0.055563 -1.751605 -3.682176 387.000000
31 1 -0.077280 -2.461757 -5.295322 387.000000
31 1 0.064040 -3.547532 -3.956202 387.000000
32 1 -0.489773 1.795139 1.078574 306.000000
32 8 -0.310525 2.188957 -0.915122 306.000000
32 6 -0.562142 1.417404 0.000000 306.000000
32 1 -0.381367 -0.466586 -0.878271 306.000000
32 1 2.131823 -0.056441 -0.812986 306.000000
32 1 1.874492 -0.405228 0.802579 306.000000
32 7 1.461730 0.019175 0.000000 306.000000
32 6 0.000000 0.000000 0.000000 306.000000
32 1 -0.054353 -1.822911 1.226464 306.000000
32 1 -0.187576 -0.398208 2.179770 306.000000
32 6 -0.559164 -0.797877 1.191190 306.000000
32 16 -2.335339 -1.048975 1.225952 306.000000
32 16 -2.819208 -2.647379 0.049757 306.000000
32 6 -3.065868 -2.045634 -1.670163 306.000000
32 1 -3.765270 -1.187299 -1.554124 306.000000
32 1 -2.138957 -1.547112 -2.021776 306.000000
32 6 -3.429519 -3.073057 -2.655612 306.000000
32 6 -4.652859 -3.360777 -2.965216 306.000000
32 1 -5.558685 -2.950322 -2.614853 306.000000
32 6 -4.768028 -4.374469 -4.074861 306.000000
32 6 -5.501352 -5.537798 -3.344167 306.000000
32 1 -6.485129 -5.212417 -3.045989 306.000000
32 1 -4.973388 -5.816462 -2.409415 306.000000
32 1 -5.603786 -6.524220 -3.860095 306.000000
32 6 -5.441078 -3.749607 -5.295550 306.000000
32 1 -5.499548 -4.361289 -6.172440 306.000000
32 1 -4.910806 -2.815562 -5.514837 306.000000
32 1 -6.514838 -3.365449 -5.062822 306.000000
32 7 -3.290584 -4.670029 -4.277997 306.000000
32 8 -2.898872 -5.335701 -5.244044 306.000000
32 6 -2.338370 -3.824030 -3.406911 306.000000
32 6 -1.566394 -2.866337 -4.321004 306.000000
32 1 -0.953673 -3.408491 -5.058394 306.000000
32 1 -0.912567 -2.251639 -3.722522 306.000000
32 1 -2.267401 -2.222177 -4.855445 306.000000
32 6 -1.500766 -4.839611 -2.616329 306.000000
32 1 -1.069606 -5.593426 -3.314165 306.000000
32 1 -2.075985 -5.320591 -1.780141 306.000000
32 1 -0.685569 -4.255786 -2.157580 306.000000
33 1 -0.502819 1.931627 0.995258 129.000000
33 8 -0.837445 2.055253 -0.998501 129.000000
33 6 -0.562142 1.417404 0.000000 129.000000
33 1 -0.417997 -0.543963 -0.915214 129.000000
33 1 2.036613 0.307698 0.768294 129.000000
33 1 1.943203 -0.793986 -0.441738 129.000000
33 7 1.461730 0.019175 0.000000 129.000000
33 6 0.000000 0.000000 0.000000 129.000000
33 1 -0.056325 -1.728501 1.259615 129.000000
33 1 -0.261209 -0.242309 2.158878 129.000000
33 6 -0.559164 -0.797877 1.191190 129.000000
33 16 -2.389629 -1.187232 1.148597 129.000000
33 16 -2.463211 -2.726215 -0.239327 129.000000
33 6 -2.728935 -1.863886 -1.844260 129.000000
33 1 -3.684689 -1.311308 -1.717348 129.000000
33 1 -1.933638 -1.134505 -2.004038 129.000000
33 6 -2.850182 -2.789503 -3.012916 129.000000
33 6 -1.924963 -3.177675 -3.866169 129.000000
33 1 -0.860570 -2.909490 -3.839622 129.000000
33 6 -2.254153 -4.112467 -4.958405 129.000000
33 6 -1.940609 -3.666528 -6.433783 129.000000
33 1 -0.848329 -3.726495 -6.745589 129.000000
33 1 -2.261578 -2.563533 -6.444132 129.000000
33 1 -2.476473 -4.301271 -7.143768 129.000000
33 6 -1.702117 -5.597474 -4.676040 129.000000
33 1 -1.745785 -5.847666 -3.590701 129.000000
33 1 -0.634463 -5.780456 -5.006255 129.000000
33 1 -2.454515 -6.316102 -5.120219 129.000000
33 7 -3.715649 -4.143171 -4.602253 129.000000
33 8 -4.562041 -4.391110 -5.553587 129.000000
33 6 -4.253220 -3.294723 -3.382016 129.000000
33 6 -5.079826 -4.197753 -2.397924 129.000000
33 1 -6.011687 -4.500158 -2.894004 129.000000
33 1 -5.293626 -3.506691 -1.491743 129.000000
33 1 -4.499311 -5.106922 -2.140833 129.000000
33 6 -5.211486 -2.204935 -3.940052 129.000000
33 1 -4.773602 -1.677057 -4.773043 129.000000
33 1 -5.497316 -1.510098 -3.189873 129.000000
33 1 -6.152086 -2.703345 -4.222389 129.000000
34 1 -0.271586 2.102986 0.812015 309.000000
34 8 -0.772079 1.851985 -1.116692 309.000000
34 6 -0.562142 1.417404 0.000000 309.000000
34 1 -0.246923 -0.526410 -0.931265 309.000000
34 1 1.962718 -0.196764 0.805292 309.000000
34 1 2.005741 -0.492493 -0.640105 309.000000
34 7 1.461730 0.019175 0.000000 309.000000
34 6 0.000000 0.000000 0.000000 309.000000
34 1 0.073050 -1.689314 1.240324 309.000000
34 1 -0.330034 -0.225117 2.175006 309.000000
34 6 -0.559164 -0.797877 1.191190 309.000000
34 16 -2.293103 -1.165271 1.089041 309.000000
34 16 -2.366203 -2.762598 -0.150777 309.000000
34 6 -2.791523 -2.052886 -1.795009 309.000000
34 1 -3.856934 -1.638042 -1.806896 309.000000
34 1 -2.070764 -1.265111 -2.104221 309.000000
34 6 -2.678562 -3.094051 -2.935617 309.000000
34 6 -1.682597 -3.936213 -3.163677 309.000000
34 1 -0.746547 -4.002470 -2.632272 309.000000
34 6 -1.981189 -4.734220 -4.442104 309.000000
34 6 -1.138801 -4.383123 -5.657008 309.000000
34 1 -0.058360 -4.358623 -5.429545 309.000000
34 1 -1.443917 -3.415086 -6.094482 309.000000
34 1 -1.263547 -5.148284 -6.453635 309.000000
34 6 -1.784028 -6.310327 -4.195430 309.000000
34 1 -1.973865 -6.758076 -5.199463 309.000000
34 1 -2.571410 -6.753969 -3.504649 309.000000
34 1 -0.707483 -6.496650 -3.881145 309.000000
34 7 -3.416638 -4.411852 -4.713734 309.000000
34 8 -4.050401 -4.890093 -5.699684 309.000000
34 6 -3.741228 -3.141305 -4.008121 309.000000
34 6 -5.169639 -3.229504 -3.442838 309.000000
34 1 -5.280280 -3.822778 -2.468598 309.000000
34 1 -5.814936 -3.646599 -4.194668 309.000000
34 1 -5.501830 -2.248638 -3.047345 309.000000
34 6 -3.862947 -1.950175 -5.063932 309.000000
34 1 -2.869100 -1.691233 -5.485961 309.000000
34 1 -4.162805 -1.089605 -4.404809 309.000000
34 1 -4.536496 -2.161770 -5.923062 309.000000
35 1 -1.598501 1.481194 0.448586 262.000000
35 8 -0.075278 2.262999 -0.728345 262.000000
35 6 -0.562142 1.417404 0.000000 262.000000
35 1 -0.333577 -0.485366 -0.836484 262.000000
35 1 1.889469 0.485812 -0.761084 262.000000
35 1 1.894047 -0.826777 -0.266832 262.000000
35 7 1.461730 0.019175 0.000000 262.000000
35 6 0.000000 0.000000 0.000000 262.000000
35 1 0.084444 -1.683878 1.349525 262.000000
35 1 -0.348806 -0.224722 2.125810 262.000000
35 6 -0.559164 -0.797877 1.191190 262.000000
35 16 -2.297180 -1.295507 1.302543 262.000000
35 16 -2.542440 -2.236515 -0.441230 262.000000
35 6 -2.078663 -4.018278 -0.158268 262.000000
35 1 -2.139832 -4.065705 0.921713 262.000000
35 1 -2.952397 -4.632231 -0.496267 262.000000
35 6 -0.730091 -4.420454 -0.563074 262.000000
35 6 0.390471 -3.832978 -0.397285 262.000000
35 1 0.610489 -2.930289 0.139312 262.000000
35 6 1.631796 -4.528550 -0.811496 262.000000
35 6 2.375671 -3.835788 -1.937690 262.000000
35 1 3.010466 -4.576012 -2.422457 262.000000
35 1 3.028556 -3.049845 -1.451357 262.000000
35 1 1.714737 -3.328617 -2.693288 262.000000
35 6 2.547028 -4.824683 0.312066 262.000000
35 1 3.262193 -5.651930 0.114352 262.000000
35 1 2.092138 -5.087759 1.298565 262.000000
35 1 3.163272 -3.853831 0.424093 262.000000
35 7 0.960694 -5.776022 -1.311790 262.000000
35 8 1.600989 -6.829700 -1.598414 262.000000
35 6 -0.539387 -5.765829 -1.225400 262.000000
35 6 -1.121676 -6.906349 -0.451684 262.000000
35 1 -1.033104 -6.784412 0.650698 262.000000
35 1 -0.696595 -7.906815 -0.776917 262.000000
35 1 -2.185320 -6.902227 -0.661427 262.000000
35 6 -1.149973 -5.812589 -2.623598 262.000000
35 1 -2.195454 -5.954136 -2.456644 262.000000
35 1 -0.820466 -6.680782 -3.299488 262.000000
35 1 -0.834760 -4.789685 -3.120920 262.000000
36 1 -0.273124 2.077150 0.856028 102.000000
36 8 -0.885769 2.000522 -1.035473 102.000000
36 6 -0.562142 1.417404 0.000000 102.000000
36 1 -0.334965 -0.533461 -0.930247 102.000000
36 1 1.846367 0.933435 0.153328 102.000000
36 1 1.919122 -0.407669 0.775064 102.000000
36 7 1.461730 0.019175 0.000000 102.000000
36 6 0.000000 0.000000 0.000000 102.000000
36 1 0.027362 -1.813648 1.172508 102.000000
36 1 -0.255775 -0.163337 2.018818 102.000000
36 6 -0.559164 -0.797877 1.191190 102.000000
36 16 -2.327455 -1.104485 1.181596 102.000000
36 16 -2.915507 -2.325023 -0.340432 102.000000
36 6 -2.877539 -3.951656 0.446993 102.000000
36 1 -3.121166 -3.787624 1.526065 102.000000
36 1 -3.728243 -4.536828 0.068566 102.000000
36 6 -1.603937 -4.670562 0.379393 102.000000
36 6 -0.631109 -4.588192 1.293120 102.000000
36 1 -0.559945 -4.003613 2.199778 102.000000
36 6 0.556433 -5.387158 0.943327 102.000000
36 6 1.812991 -4.504818 0.844915 102.000000
36 1 2.123762 -3.998413 1.772784 102.000000
36 1 1.581029 -3.677145 0.175205 102.000000
36 1 2.734561 -4.998700 0.485452 102.000000
36 6 0.756771 -6.645277 1.863650 102.000000
36 1 -0.218679 -6.922835 2.293654 102.000000
36 1 1.417225 -6.272917 2.670842 102.000000
36 1 1.349342 -7.483405 1.373444 102.000000
36 7 0.247372 -5.917837 -0.417922 102.000000
36 8 1.100835 -6.428351 -1.272126 102.000000
36 6 -1.154630 -5.493189 -0.841629 102.000000
36 6 -2.137608 -6.730328 -1.016199 102.000000
36 1 -2.037682 -7.365130 -0.065047 102.000000
36 1 -1.756379 -7.227899 -1.924754 102.000000
36 1 -3.182967 -6.400972 -1.078188 102.000000
36 6 -0.983266 -4.669417 -2.132190 102.000000
36 1 -0.074937 -3.995885 -2.096747 102.000000
36 1 -1.780491 -3.974576 -2.489922 102.000000
36 1 -0.749595 -5.229123 -3.033700 102.000000
37 1 -1.604845 1.403960 0.189133 287.000000
37 8 0.008601 2.294551 -0.610950 287.000000
37 6 -0.562142 1.417404 0.000000 287.000000
37 1 -0.213564 -0.474609 -0.989719 287.000000
37 1 1.983158 -0.710911 0.353378 287.000000
37 1 1.953717 0.468160 -0.743841 287.000000
37 7 1.461730 0.019175 0.000000 287.000000
37 6 0.000000 0.000000 0.000000 287.000000
37 1 0.110707 -1.640791 1.394348 287.000000
37 1 -0.334578 -0.192879 2.065739 287.000000
37 6 -0.559164 -0.797877 1.191190 287.000000
37 16 -2.385812 -1.156136 0.938642 287.000000
37 16 -2.489856 -2.447018 -0.576381 287.000000
37 6 -2.571485 -4.174040 -0.031336 287.000000
37 1 -3.367752 -4.236670 0.694114 287.000000
37 1 -2.882960 -4.910457 -0.854588 287.000000
37 6 -1.354444 -4.690137 0.629995 287.000000
37 6 -0.135793 -5.026826 0.147179 287.000000
37 1 0.180223 -4.990555 -0.864150 287.000000
37 6 0.956624 -5.517541 1.066814 287.000000
37 6 1.122259 -7.046878 0.882128 287.000000
37 1 1.859477 -7.359500 1.661530 287.000000
37 1 1.581822 -7.348973 -0.060884 287.000000
37 1 0.225196 -7.648409 0.951026 287.000000
37 6 2.130210 -4.569298 1.127302 287.000000
37 1 1.859345 -3.516467 1.234603 287.000000
37 1 2.780568 -4.573334 0.282379 287.000000
37 1 2.830001 -4.847712 1.911012 287.000000
37 7 0.072126 -5.314353 2.293979 287.000000
37 8 0.534490 -5.624914 3.437503 287.000000
37 6 -1.377894 -5.041056 2.156190 287.000000
37 6 -1.690762 -3.793766 3.049730 287.000000
37 1 -1.822545 -4.152845 4.096561 287.000000
37 1 -2.665191 -3.438260 2.712594 287.000000
37 1 -0.980070 -3.012833 2.973462 287.000000
37 6 -2.302164 -6.196619 2.479860 287.000000
37 1 -2.132221 -6.692842 3.483699 287.000000
37 1 -2.023112 -6.944520 1.761308 287.000000
37 1 -3.377912 -5.927041 2.293706 287.000000
38 1 -1.176149 1.761395 0.823968 2017.000000
38 8 -0.466604 1.991925 -1.078505 2017.000000
38 6 -0.562142 1.417404 0.000000 2017.000000
38 1 -0.389946 -0.497660 -0.884270 2017.000000
38 1 1.970484 -0.595553 0.608652 2017.000000
38 1 2.019929 0.133074 -0.859066 2017.000000
38 7 1.461730 0.019175 0.000000 2017.000000
38 6 0.000000 0.000000 0.000000 2017.000000
38 1 -0.039168 -1.745721 1.165278 2017.000000
38 1 -0.278948 -0.311630 2.109035 2017.000000
38 6 -0.559164 -0.797877 1.191190 2017.000000
38 16 -2.315417 -1.162820 1.042766 2017.000000
38 16 -2.360469 -2.407841 -0.620317 2017.000000
38 6 -2.240603 -4.002208 0.161703 2017.000000
38 1 -2.756576 -3.787949 1.076126 2017.000000
38 1 -2.729893 -4.872655 -0.452811 2017.000000
38 6 -0.808800 -4.418806 0.355690 2017.000000
38 6 0.243693 -4.206964 -0.455749 2017.000000
38 1 0.208775 -3.698461 -1.475569 2017.000000
38 6 1.539236 -4.678202 0.194733 2017.000000
38 6 2.057134 -6.020486 -0.466878 2017.000000
38 1 2.200901 -5.727320 -1.531240 2017.000000
38 1 1.206072 -6.780270 -0.395757 2017.000000
38 1 3.071021 -6.392310 -0.075115 2017.000000
38 6 2.618366 -3.522705 0.322279 2017.000000
38 1 2.390040 -2.684669 -0.405732 2017.000000
38 1 3.581563 -3.907649 -0.038859 2017.000000
38 1 2.782331 -3.124500 1.307162 2017.000000
38 7 0.991298 -5.023879 1.555565 2017.000000
38 8 1.761434 -5.209484 2.566750 2017.000000
38 6 -0.473060 -5.108813 1.651686 2017.000000
38 6 -0.965208 -4.300493 2.860786 2017.000000
38 1 -2.026734 -4.450468 2.880114 2017.000000
38 1 -0.725975 -3.180231 2.895293 2017.000000
38 1 -0.508938 -4.781542 3.707037 2017.000000
38 6 -0.893683 -6.628866 1.726415 2017.000000
38 1 -0.687107 -7.008773 0.704295 2017.000000
38 1 -2.037398 -6.731456 1.856330 2017.000000
38 1 -0.425429 -7.308808 2.456910 2017.000000
39 1 -1.039938 1.693781 0.906368 267.000000
39 8 -0.642615 2.099670 -1.068886 267.000000
39 6 -0.562142 1.417404 0.000000 267.000000
39 1 -0.367045 -0.560200 -0.842098 267.000000
39 1 1.919605 -0.687431 -0.563187 267.000000
39 1 2.068523 0.170825 0.782658 267.000000
39 7 1.461730 0.019175 0.000000 267.000000
39 6 0.000000 0.000000 0.000000 267.000000
39 1 -0.195380 -1.851265 1.256466 267.000000
39 1 -0.232601 -0.309111 2.175994 267.000000
39 6 -0.559164 -0.797877 1.191190 267.000000
39 16 -2.391043 -1.170657 1.061311 267.000000
39 16 -2.660716 -2.418355 -0.532079 267.000000
39 6 -2.083244 -4.018616 0.031910 267.000000
39 1 -1.761426 -4.540451 -0.881196 267.000000
39 1 -1.118586 -3.916541 0.629989 267.000000
39 6 -3.128906 -4.833488 0.811941 267.000000
39 6 -4.415237 -5.026240 0.621135 267.000000
39 1 -4.941202 -4.626465 -0.181553 267.000000
39 6 -5.099879 -5.946908 1.558952 267.000000
39 6 -6.241646 -5.434617 2.406268 267.000000
39 1 -6.598093 -6.311098 3.048656 267.000000
39 1 -7.036144 -5.161151 1.699503 267.000000
39 1 -6.026053 -4.627211 3.141615 267.000000
39 6 -5.456992 -7.221441 0.846507 267.000000
39 1 -6.259549 -7.015618 0.103653 267.000000
39 1 -5.744975 -7.956943 1.643039 267.000000
39 1 -4.543976 -7.514161 0.369968 267.000000
39 7 -3.901824 -6.165114 2.470456 267.000000
39 8 -3.939098 -6.968888 3.461776 267.000000
39 6 -2.637694 -5.491091 2.024789 267.000000
39 6 -1.569644 -6.617035 1.739225 267.000000
39 1 -0.588464 -6.255933 1.528547 267.000000
39 1 -1.919928 -7.394746 0.988865 267.000000
39 1 -1.360517 -7.185643 2.653381 267.000000
39 6 -2.245636 -4.397701 3.088690 267.000000
39 1 -2.147697 -4.860938 4.084441 267.000000
39 1 -3.038795 -3.681006 3.146082 267.000000
39 1 -1.192754 -3.961272 2.845975 267.000000
40 1 -0.550887 1.937989 1.007377 1040.000000
40 8 -1.007675 1.881819 -1.087676 1040.000000
40 6 -0.562142 1.417404 0.000000 1040.000000
40 1 -0.331236 -0.437971 -0.889357 1040.000000
40 1 1.839891 -0.863776 -0.097776 1040.000000
40 1 2.011376 0.240209 0.842709 1040.000000
40 7 1.461730 0.019175 0.000000 1040.000000
40 6 0.000000 0.000000 0.000000 1040.000000
40 1 0.051339 -1.698168 1.264151 1040.000000
40 1 -0.352319 -0.224169 2.108346 1040.000000
40 6 -0.559164 -0.797877 1.191190 1040.000000
40 16 -2.374195 -1.212165 1.014215 1040.000000
40 16 -2.391920 -2.658902 -0.419049 1040.000000
40 6 -2.178893 -4.227362 0.471348 1040.000000
40 1 -1.259918 -4.748225 0.219708 1040.000000
40 1 -1.853229 -3.882022 1.471957 1040.000000
40 6 -3.330563 -5.171780 0.468171 1040.000000
40 6 -3.545656 -6.122256 -0.372135 1040.000000
40 1 -2.997760 -6.447198 -1.238337 1040.000000
40 6 -4.864328 -6.873536 -0.178812 1040.000000
40 6 -5.771482 -6.703448 -1.337686 1040.000000
40 1 -6.755260 -7.203127 -1.184798 1040.000000
40 1 -5.229368 -7.138761 -2.196769 1040.000000
40 1 -6.049521 -5.652701 -1.639697 1040.000000
40 6 -4.469508 -8.310550 0.299230 1040.000000
40 1 -4.267197 -8.385123 1.414577 1040.000000
40 1 -3.522751 -8.619440 -0.160663 1040.000000
40 1 -5.188452 -9.054398 0.033409 1040.000000
40 7 -5.497805 -5.992609 0.920729 1040.000000
40 8 -6.696774 -6.233825 1.430066 1040.000000
40 6 -4.487750 -5.004756 1.492053 1040.000000
40 6 -3.868751 -5.551959 2.859575 1040.000000
40 1 -3.184249 -4.756475 3.304158 1040.000000
40 1 -3.293493 -6.428797 2.620423 1040.000000
40 1 -4.687734 -5.719366 3.642159 1040.000000
40 6 -5.109728 -3.600907 1.606440 1040.000000
40 1 -4.396825 -2.816333 1.795037 1040.000000
40 1 -5.827151 -3.548110 2.486905 1040.000000
40 1 -5.611692 -3.339066 0.720952 1040.000000
41 1 -1.214813 1.714250 0.898646 313.000000
41 8 -0.322953 2.242455 -0.846226 313.000000
41 6 -0.562142 1.417404 0.000000 313.000000
41 1 -0.322639 -0.397480 -0.982860 313.000000
41 1 1.953631 -0.642434 0.542417 313.000000
41 1 2.019154 0.253245 -0.869475 313.000000
41 7 1.461730 0.019175 0.000000 313.000000
41 6 0.000000 0.000000 0.000000 313.000000
41 1 0.127769 -1.775370 1.259769 313.000000
41 1 -0.379947 -0.284008 2.154353 313.000000
41 6 -0.559164 -0.797877 1.191190 313.000000
41 16 -2.286309 -1.111541 0.915723 313.000000
41 16 -2.268419 -2.466385 -0.626931 313.000000
41 6 -2.160406 -4.016612 0.348646 313.000000
41 1 -1.812097 -4.728101 -0.366132 313.000000
41 1 -1.492954 -3.984009 1.241123 313.000000
41 6 -3.529222 -4.342425 0.887951 313.000000
41 6 -4.018868 -3.895803 2.018641 313.000000
41 1 -3.571364 -3.225104 2.789151 313.000000
41 6 -5.400675 -4.344464 2.408560 313.000000
41 6 -5.460088 -5.012442 3.772629 313.000000
41 1 -5.017264 -4.420266 4.633006 313.000000
41 1 -4.739005 -5.898792 3.782085 313.000000
41 1 -6.490678 -5.265014 4.044652 313.000000
41 6 -6.430893 -3.181202 2.219841 313.000000
41 1 -7.414464 -3.633350 2.490402 313.000000
41 1 -6.448909 -2.877457 1.166203 313.000000
41 1 -6.181396 -2.274441 2.797259 313.000000
41 7 -5.436456 -5.363349 1.297197 313.000000
41 8 -6.419995 -6.156775 1.110014 313.000000
41 6 -4.461542 -5.162114 0.125230 313.000000
41 6 -5.197381 -4.417869 -0.954257 313.000000
41 1 -5.733450 -3.537744 -0.722256 313.000000
41 1 -6.014553 -5.043182 -1.462402 313.000000
41 1 -4.421888 -4.149694 -1.742836 313.000000
41 6 -3.932780 -6.542489 -0.371016 313.000000
41 1 -3.332933 -7.019129 0.498001 313.000000
41 1 -3.140482 -6.361411 -1.125559 313.000000
41 1 -4.671103 -7.239532 -0.857363 313.000000
42 1 -1.587163 1.394595 0.380160 285.000000
42 8 -0.291710 2.125163 -0.981869 285.000000
42 6 -0.562142 1.417404 0.000000 285.000000
42 1 -0.240558 -0.429199 -0.923781 285.000000
42 1 1.913427 -0.790146 -0.248731 285.000000
42 1 1.808765 0.680039 -0.644008 285.000000
42 7 1.461730 0.019175 0.000000 285.000000
42 6 0.000000 0.000000 0.000000 285.000000
42 1 -0.171724 -1.826287 1.095090 285.000000
42 1 -0.218316 -0.379596 2.127856 285.000000
42 6 -0.559164 -0.797877 1.191190 285.000000
42 16 -2.302417 -1.207797 1.091506 285.000000
42 16 -2.530549 -2.481394 -0.440000 285.000000
42 6 -2.073613 -4.066017 0.283826 285.000000
42 1 -1.663220 -4.717830 -0.505375 285.000000
42 1 -1.193084 -3.960554 0.923269 285.000000
42 6 -3.150967 -4.890169 0.940157 285.000000
42 6 -4.202744 -4.493455 1.666778 285.000000
42 1 -4.564953 -3.512870 2.008414 285.000000
42 6 -4.973162 -5.637589 2.140700 285.000000
42 6 -4.846486 -5.742572 3.727527 285.000000
42 1 -5.180057 -4.780707 4.234132 285.000000
42 1 -3.744625 -5.882623 3.908891 285.000000
42 1 -5.512880 -6.580248 4.066838 285.000000
42 6 -6.446212 -5.638269 1.811615 285.000000
42 1 -7.067560 -5.026865 2.497902 285.000000
42 1 -6.813238 -6.685012 1.916026 285.000000
42 1 -6.652536 -5.392112 0.796501 285.000000
42 7 -4.240807 -6.702803 1.441036 285.000000
42 8 -4.638780 -7.938606 1.386503 285.000000
42 6 -3.000190 -6.289050 0.674858 285.000000
42 6 -3.236693 -6.620260 -0.824689 285.000000
42 1 -3.463530 -7.739513 -0.898387 285.000000
42 1 -2.432845 -6.367701 -1.486747 285.000000
42 1 -4.123294 -6.113672 -1.223042 285.000000
42 6 -1.733363 -7.004845 1.159868 285.000000
42 1 -1.559400 -8.099680 0.992091 285.000000
42 1 -1.615571 -6.763516 2.259244 285.000000
42 1 -0.855067 -6.520189 0.594008 285.000000
43 1 -0.664310 1.921359 1.025943 534.000000
43 8 -0.599811 1.974397 -1.058066 534.000000
43 6 -0.562142 1.417404 0.000000 534.000000
43 1 -0.323463 -0.479043 -0.881660 534.000000
43 1 2.078496 -0.560537 -0.574211 534.000000
43 1 1.913550 0.875669 0.245707 534.000000
43 7 1.461730 0.019175 0.000000 534.000000
43 6 0.000000 0.000000 0.000000 534.000000
43 1 -0.150367 -1.812697 1.264986 534.000000
43 1 -0.411946 -0.294987 2.122555 534.000000
43 6 -0.559164 -0.797877 1.191190 534.000000
43 16 -2.345659 -1.192940 0.988546 534.000000
43 16 -2.358206 -2.180378 -0.739119 534.000000
43 6 -1.784528 -3.825944 -0.243167 534.000000
43 1 -0.879395 -3.756212 0.401667 534.000000
43 1 -2.551200 -4.188874 0.451959 534.000000
43 6 -1.645841 -4.673505 -1.449801 534.000000
43 6 -1.041756 -4.452496 -2.610190 534.000000
43 1 -0.496758 -3.600529 -2.970682 534.000000
43 6 -1.135168 -5.582063 -3.573284 534.000000
43 6 -1.816597 -5.049426 -4.904572 534.000000
43 1 -1.852945 -5.918073 -5.535422 534.000000
43 1 -1.176836 -4.294566 -5.397805 534.000000
43 1 -2.862494 -4.610652 -4.816570 534.000000
43 6 0.263497 -6.142208 -3.748422 534.000000
43 1 0.676776 -6.618378 -2.848603 534.000000
43 1 0.979465 -5.282431 -4.157697 534.000000
43 1 0.350619 -6.877031 -4.590146 534.000000
43 7 -2.107199 -6.495609 -2.859994 534.000000
43 8 -2.769084 -7.425425 -3.430980 534.000000
43 6 -2.328538 -6.071712 -1.424848 534.000000
43 6 -1.712025 -6.974915 -0.356614 534.000000
43 1 -1.932424 -8.037611 -0.579736 534.000000
43 1 -2.107318 -6.689421 0.708682 534.000000
43 1 -0.588990 -6.882199 -0.345201 534.000000
43 6 -3.875414 -5.792255 -1.281708 534.000000
43 1 -4.461813 -6.709402 -1.352302 534.000000
43 1 -4.224086 -5.246311 -2.165706 534.000000
43 1 -4.177083 -5.365051 -0.330581 534.000000
44 1 -0.905599 1.892094 0.962529 145.000000
44 8 -0.584965 1.953579 -1.114634 145.000000
44 6 -0.562142 1.417404 0.000000 145.000000
44 1 -0.288446 -0.423328 -0.972966 145.000000
44 1 2.043447 0.352889 -0.760816 145.000000
44 1 1.944905 0.401391 0.810443 145.000000
44 7 1.461730 0.019175 0.000000 145.000000
44 6 0.000000 0.000000 0.000000 145.000000
44 1 -0.098360 -1.827626 1.006375 145.000000
44 1 -0.144497 -0.419708 2.133851 145.000000
44 6 -0.559164 -0.797877 1.191190 145.000000
44 16 -2.384507 -0.961512 1.110396 145.000000
44 16 -2.792155 -1.840532 -0.702412 145.000000
44 6 -2.605670 -3.572967 -0.401724 145.000000
44 1 -1.653100 -3.816992 0.181812 145.000000
44 1 -3.442905 -3.819060 0.268552 145.000000
44 6 -2.665000 -4.402697 -1.640561 145.000000
44 6 -1.736206 -4.807241 -2.394474 145.000000
44 1 -0.730097 -4.600327 -2.198013 145.000000
44 6 -2.141225 -5.635536 -3.599915 145.000000
44 6 -1.564601 -4.948768 -4.918654 145.000000
44 1 -0.506288 -5.276111 -5.019946 145.000000
44 1 -1.436316 -3.834636 -4.842730 145.000000
44 1 -2.116791 -5.193348 -5.790261 145.000000
44 6 -1.848724 -7.157586 -3.559315 145.000000
44 1 -2.374922 -7.668551 -2.798486 145.000000
44 1 -0.800316 -7.297782 -3.418127 145.000000
44 1 -2.031480 -7.608044 -4.556813 145.000000
44 7 -3.609876 -5.403154 -3.523948 145.000000
44 8 -4.447507 -6.015194 -4.306448 145.000000
44 6 -3.983492 -4.891127 -2.160782 145.000000
44 6 -4.602119 -5.989588 -1.265865 145.000000
44 1 -4.574005 -5.694327 -0.219059 145.000000
44 1 -3.969607 -6.905449 -1.209722 145.000000
44 1 -5.584792 -6.396922 -1.499752 145.000000
44 6 -4.909090 -3.780632 -2.451194 145.000000
44 1 -4.407722 -2.874671 -2.850283 145.000000
44 1 -5.342643 -3.442011 -1.503608 145.000000
44 1 -5.750618 -4.145075 -3.013656 145.000000
45 1 -0.098404 2.179231 0.683163 345.000000
45 8 -1.376798 1.668603 -0.857141 345.000000
45 6 -0.562142 1.417404 0.000000 345.000000
45 1 -0.256293 -0.473342 -0.959897 345.000000
45 1 1.887661 -0.588078 0.717844 345.000000
45 1 1.984192 -0.351368 -0.791217 345.000000
45 7 1.461730 0.019175 0.000000 345.000000
45 6 0.000000 0.000000 0.000000 345.000000
45 1 -0.117492 -1.782871 1.292551 345.000000
45 1 -0.260877 -0.263916 2.113782 345.000000
45 6 -0.559164 -0.797877 1.191190 345.000000
45 16 -2.373387 -1.114037 1.341906 345.000000
45 16 -2.765863 -2.301178 -0.255948 345.000000
45 6 -2.256682 -3.975683 0.208974 345.000000
45 1 -1.221967 -3.766025 0.490094 345.000000
45 1 -2.737505 -4.241436 1.131653 345.000000
45 6 -2.377790 -5.090606 -0.811015 345.000000
45 6 -3.395676 -5.966548 -1.054742 345.000000
45 1 -4.412463 -6.099791 -0.573467 345.000000
45 6 -3.099619 -6.989312 -2.147807 345.000000
45 6 -2.939236 -8.356164 -1.565288 345.000000
45 1 -3.972299 -8.747455 -1.247577 345.000000
45 1 -2.333177 -8.416846 -0.679486 345.000000
45 1 -2.440117 -9.070977 -2.182753 345.000000
45 6 -4.134771 -6.687158 -3.338598 345.000000
45 1 -4.007204 -5.748312 -3.822125 345.000000
45 1 -5.176230 -6.693066 -2.953013 345.000000
45 1 -3.939813 -7.465302 -4.052208 345.000000
45 7 -1.799140 -6.474116 -2.619431 345.000000
45 8 -1.190449 -6.916671 -3.685431 345.000000
45 6 -1.223379 -5.315461 -1.795218 345.000000
45 6 -0.865070 -4.111281 -2.703097 345.000000
45 1 0.034690 -4.257634 -3.362062 345.000000
45 1 -0.698982 -3.227210 -1.961931 345.000000
45 1 -1.726396 -4.010406 -3.396641 345.000000
45 6 -0.003829 -5.904279 -1.097239 345.000000
45 1 0.775376 -6.262079 -1.820773 345.000000
45 1 -0.220552 -6.754694 -0.462978 345.000000
45 1 0.458701 -5.235393 -0.300804 345.000000
46 1 -0.782653 1.885191 0.943522 752.000000
46 8 -0.840699 2.031025 -1.058675 752.000000
46 6 -0.562142 1.417404 0.000000 752.000000
46 1 -0.286270 -0.402462 -0.911025 752.000000
46 1 2.000940 0.670476 0.537192 752.000000
46 1 1.909496 -0.090027 -0.940823 752.000000
46 7 1.461730 0.019175 0.000000 752.000000
46 6 0.000000 0.000000 0.000000 752.000000
46 1 -0.156156 -1.847158 1.039573 752.000000
46 1 -0.181042 -0.481467 2.198414 752.000000
46 6 -0.559164 -0.797877 1.191190 752.000000
46 16 -2.348664 -1.170035 1.159734 752.000000
46 16 -2.605116 -2.197527 -0.546088 752.000000
46 6 -2.259895 -3.906786 0.058321 752.000000
46 1 -1.469965 -3.847127 0.750985 752.000000
46 1 -3.166531 -4.225088 0.720449 752.000000
46 6 -2.075169 -4.919976 -1.069822 752.000000
46 6 -2.940219 -5.245039 -1.972095 752.000000
46 1 -3.970618 -4.748068 -2.123321 752.000000
46 6 -2.541984 -6.236038 -2.916554 752.000000
46 6 -3.368162 -7.468761 -2.675997 752.000000
46 1 -4.422019 -7.154798 -2.806236 752.000000
46 1 -3.357674 -7.957877 -1.655072 752.000000
46 1 -3.101222 -8.281073 -3.434010 752.000000
46 6 -2.341368 -5.832614 -4.372961 752.000000
46 1 -1.943414 -6.701764 -4.966930 752.000000
46 1 -1.596151 -5.034796 -4.442268 752.000000
46 1 -3.314324 -5.422762 -4.811899 752.000000
46 7 -1.216287 -6.551441 -2.364514 752.000000
46 8 -0.683008 -7.670830 -2.599182 752.000000
46 6 -0.868164 -5.839472 -1.103498 752.000000
46 6 0.451226 -5.020447 -1.422712 752.000000
46 1 1.284930 -5.714428 -1.698264 752.000000
46 1 0.761493 -4.464970 -0.448702 752.000000
46 1 0.217480 -4.284202 -2.233366 752.000000
46 6 -0.930654 -6.754489 0.216697 752.000000
46 1 -1.955911 -7.126811 0.237700 752.000000
46 1 -0.768245 -6.193956 1.136594 752.000000
46 1 -0.321070 -7.633966 0.175327 752.000000
