8.099999999999993598e-05
7.267999999999998420e-03
1.992999999999999980e-03
3.915699999999996267e-02
1.599999999999999250e-05
2.599999999999998824e-05
1.617000000000000165e-03
8.379999999999993357e-04
2.527000000000001034e-03
9.402000000000004104e-03
1.099999999999999802e-05
9.889999999999994282e-04
1.200000000000000877e-05
4.354999999999998629e-03
7.689999999999996101e-04
3.017999999999996380e-03
1.141100000000000274e-02
4.387000000000001142e-03
8.559999999999998816e-04
3.161999999999999013e-03
1.048000000000000103e-03
1.139000000000000689e-03
2.554800000000000820e-02
7.053000000000000241e-03
1.000000000000000929e-05
4.127000000000000460e-03
1.850000000000000787e-04
1.397000000000000889e-03
5.399999999999999798e-05
6.600000000000004572e-05
1.978999999999999856e-03
3.030299999999997579e-02
4.313000000000001728e-03
1.580999999999999506e-03
5.080000000000002049e-04
1.388000000000000128e-03
1.099999999999999802e-05
2.737000000000002452e-03
9.899999999999999946e-04
1.729000000000000502e-03
4.297799999999997456e-02
4.359000000000000895e-03
5.629999999999996986e-03
1.053999999999999599e-03
5.799999999999993935e-05
1.970000000000000722e-04
1.273999999999999308e-03
5.032000000000002617e-03
2.099999999999999206e-05
7.239999999999997089e-04
9.475999999999998313e-03
1.328999999999998802e-03
4.683999999999996326e-03
1.913999999999999469e-03
6.399999999999997000e-05
5.385000000000000030e-03
3.300000000000002286e-05
3.309999999999998057e-04
9.245000000000001480e-03
2.621999999999999765e-03
8.200000000000002805e-05
2.528000000000001600e-03
4.312000000000000728e-03
3.619999999999998544e-04
1.291999999999999052e-02
2.264000000000001254e-03
1.569999999999999944e-04
4.940000000000000814e-04
4.529999999999999522e-04
2.801999999999999370e-03
3.584000000000002982e-03
1.698799999999999963e-02
1.060000000000000829e-04
4.823999999999996693e-03
3.049999999999998242e-04
6.190000000000004093e-04
1.000000000000000929e-05
4.988999999999995175e-03
2.863000000000001394e-03
7.500000000000004493e-04
3.748000000000000463e-03
1.986000000000001219e-03
7.002000000000002146e-03
1.176419999999999966e-01
1.564999999999998467e-03
2.887000000000000243e-03
1.086999999999999642e-03
1.099999999999999802e-05
1.121600000000000201e-02
5.481000000000005833e-03
7.730999999999993953e-03
9.200000000000004073e-05
1.838000000000000224e-03
1.580000000000001000e-04
2.920000000000001045e-04
2.028099999999999695e-02
1.206999999999999957e-03
2.611000000000001341e-03
6.970000000000000501e-03
2.216999999999998052e-03
1.520000000000001710e-04
4.855399999999999300e-02
3.420000000000001815e-04
3.224000000000001604e-03
1.900000000000000376e-04
3.383999999999998988e-03
4.600000000000002036e-05
1.361000000000000664e-03
2.099999999999999206e-05
9.660000000000008207e-04
1.619999999999998720e-04
8.799999999999998416e-05
1.073999999999999217e-03
1.120000000000000552e-03
9.193000000000004987e-03
3.908999999999997546e-03
1.183699999999998989e-02
8.610000000000004369e-04
1.370900000000001111e-02
1.450000000000001093e-04
1.543999999999998499e-03
2.757999999999997433e-03
1.190699999999999918e-02
3.229199999999999432e-02
6.149999999999995748e-03
1.577000000000000493e-03
1.079999999999999580e-03
1.123999999999999999e-03
3.356999999999999741e-03
3.899999999999997897e-05
5.283000000000002104e-03
2.590000000000000071e-04
4.290000000000001820e-04
6.399999999999997000e-05
1.155999999999999693e-03
8.604400000000009263e-02
2.909999999999998959e-03
6.709999999999995482e-03
5.499999999999997485e-05
2.470000000000000407e-04
1.911999999999998553e-03
4.748000000000001351e-03
8.996999999999996320e-03
2.855399999999999258e-02
1.973099999999998119e-02
1.604699999999999876e-02
9.300000000000009214e-05
4.240000000000003315e-04
3.327999999999998494e-03
1.250000000000000839e-04
5.889999999999994632e-04
4.319999999999999838e-04
9.310000000000005120e-04
1.929999999999998123e-04
3.180000000000001944e-04
3.100000000000000135e-05
2.070000000000001093e-03
2.050000000000001040e-04
2.000000000000001858e-05
1.320000000000000914e-04
3.670999999999998483e-03
1.414999999999999808e-03
8.419999999999997582e-04
1.400000000000001165e-05
2.692000000000000382e-03
1.601999999999999475e-03
4.600000000000002036e-05
7.971999999999999920e-03
2.741099999999998746e-02
5.090000000000001208e-04
5.649999999999997472e-04
2.959000000000002427e-03
1.495000000000001536e-03
2.610000000000002184e-04
9.229999999999999923e-04
3.069999999999999812e-04
6.499999999999996720e-05
5.450000000000002369e-04
2.403000000000001489e-03
2.099999999999999206e-05
4.848999999999999144e-03
1.076000000000000350e-03
4.960000000000000216e-04
2.119999999999998188e-03
1.879999999999998534e-04
1.990000000000002021e-04
4.979999999999997450e-04
2.099999999999999206e-05
4.570000000000002120e-04
3.919999999999999873e-04
8.739999999999999939e-04
7.381999999999999673e-03
2.229999999999999994e-04
3.199999999999998500e-05
6.200000000000000270e-05
8.600000000000004397e-05
7.699999999999994718e-05
2.400000000000001755e-05
1.108999999999999309e-03
6.630000000000002862e-04
2.149999999999999676e-04
5.999999999999998797e-05
1.412999999999999109e-03
2.929000000000000613e-03
2.970000000000002803e-04
1.097000000000000535e-03
3.051999999999999592e-03
1.011000000000000180e-03
8.239999999999992122e-04
1.424000000000001220e-03
3.020000000000001308e-04
1.380000000000000746e-04
7.869999999999997223e-04
2.400000000000001755e-05
2.357100000000000514e-02
1.990000000000002021e-04
