4.539999999999998030e-03
7.408000000000003124e-03
1.949000000000000645e-03
5.215999999999999283e-03
4.985999999999997379e-03
2.166000000000000824e-03
1.400000000000001165e-05
5.310000000000001134e-04
1.099999999999999802e-05
5.799999999999993935e-05
6.500000000000002954e-04
1.807499999999999038e-02
2.640000000000001829e-04
1.348000000000000457e-03
1.125000000000000566e-03
7.376999999999999877e-03
1.095299999999999399e-02
1.106000000000000429e-03
1.424000000000001220e-03
9.564000000000003054e-03
2.500000000000001678e-04
1.799000000000000035e-03
3.277000000000001266e-03
1.585000000000001555e-03
1.250000000000000839e-04
1.066999999999999156e-03
1.432800000000000393e-02
1.138729999999999187e-01
1.599999999999999250e-05
1.058999999999999829e-03
4.720000000000000888e-04
1.326799999999999854e-02
3.168199999999999489e-02
1.702000000000000604e-03
1.099999999999999802e-05
8.499999999999999255e-05
1.200000000000000877e-05
8.200000000000002805e-05
1.868400000000000616e-02
8.060000000000004010e-04
7.859999999999992644e-04
1.099000000000000367e-03
7.209999999999996360e-04
4.670000000000000756e-04
1.730000000000001664e-04
4.635000000000000231e-03
3.899999999999997897e-05
2.269999999999998256e-04
2.144999999999998904e-03
1.150400000000001074e-02
3.339999999999997160e-04
2.514000000000001477e-03
2.995999999999999098e-03
4.549999999999999357e-03
2.764000000000001699e-03
1.800999999999998566e-03
6.579999999999996225e-04
1.855999999999998059e-03
9.019999999999998071e-04
6.269999999999993027e-04
1.689999999999999066e-04
8.195999999999998425e-03
1.650000000000001617e-04
2.250000000000000752e-04
5.805000000000002866e-03
1.270000000000000512e-04
1.099999999999999802e-05
1.646000000000001195e-03
1.413399999999999206e-02
3.269999999999998602e-03
3.239999999999997439e-04
6.279999999999999775e-04
4.748100000000005094e-02
2.994799999999999546e-02
2.999999999999999398e-05
3.413000000000000235e-03
1.800000000000000046e-05
2.782000000000002787e-03
3.300000000000003235e-04
4.502000000000004262e-03
3.236000000000001896e-03
3.376200000000000728e-02
2.409999999999999491e-04
1.654499999999999721e-02
1.739999999999998926e-04
7.179999999999999967e-04
2.018000000000000696e-03
1.400000000000001165e-05
5.399999999999999798e-05
3.376000000000000962e-03
1.403700000000000607e-02
9.279999999999990297e-04
4.310000000000003932e-04
1.333000000000000634e-03
6.950000000000005652e-03
2.189999999999998209e-04
2.231999999999998742e-03
3.673999999999999315e-03
3.999999999999996939e-04
2.599999999999998824e-05
2.489000000000000760e-03
8.628999999999999518e-03
1.484999999999999992e-03
3.293400000000001188e-02
4.199999999999998412e-05
4.878999999999996187e-03
5.029999999999999749e-04
4.892000000000005719e-03
3.058000000000002123e-03
1.771000000000000872e-03
6.399999999999997000e-05
3.642999999999998236e-03
8.980000000000001436e-04
9.116999999999991430e-03
2.204999999999999061e-03
8.049999999999999430e-04
5.499999999999997485e-05
1.372999999999999438e-03
3.800000000000000751e-04
4.297999999999997135e-03
6.439000000000001146e-03
4.310000000000003932e-04
2.099999999999999206e-05
2.437999999999999196e-03
2.622999999999999898e-03
4.000000000000003715e-05
1.744999999999998289e-03
1.279999999999999400e-04
7.040600000000003800e-02
7.600000000000008550e-05
3.403000000000001510e-03
1.099999999999999802e-05
1.450000000000001093e-04
1.961000000000000069e-03
1.189999999999999001e-03
3.149999999999997962e-04
3.940000000000001444e-04
4.485999999999997802e-03
1.088999999999999907e-03
5.369999999999996087e-04
3.800000000000004275e-05
9.500000000000001878e-05
1.002000000000000286e-03
1.000000000000000929e-05
3.630999999999998378e-03
1.854699999999998711e-02
6.324999999999998158e-03
7.499999999999999343e-05
3.500000000000001726e-05
1.760999999999999111e-03
4.155000000000000707e-03
1.000000000000000929e-05
1.604799999999999283e-02
2.009999999999998442e-04
1.210999999999998970e-03
8.307999999999999413e-03
8.279999999999996347e-04
7.740000000000002737e-04
7.680000000000005616e-04
1.490999999999999487e-03
6.050800000000000622e-02
4.600000000000002036e-05
1.440999999999999356e-03
2.399999999999999790e-03
9.909999999999992600e-04
7.099999999999995854e-04
4.550000000000001634e-04
4.159999999999998118e-04
1.648999999999999208e-03
3.251000000000000851e-03
3.339999999999997160e-04
1.475999999999998580e-03
3.190999999999999826e-03
3.388600000000000639e-02
1.548000000000000547e-03
7.758999999999998537e-03
5.639999999999997229e-04
2.699999999999999899e-05
2.040000000000001339e-04
7.499999999999999343e-05
1.079999999999999580e-03
3.919999999999999873e-04
1.605999999999998054e-03
4.510999999999996783e-03
9.500000000000001878e-05
2.400000000000001755e-05
1.190000000000000872e-04
1.708799999999999555e-02
3.516000000000001329e-03
7.099999999999992331e-05
3.843999999999997592e-03
1.240000000000000054e-04
2.899999999999996968e-05
5.959999999999995249e-04
9.370000000000001158e-04
4.600000000000002036e-05
1.365999999999999376e-03
7.729999999999995989e-04
1.860000000000001843e-04
3.399999999999999702e-04
5.895000000000004403e-03
3.292000000000002390e-03
1.091000000000001040e-03
1.335999999999998864e-03
3.500000000000001726e-05
1.400000000000001165e-05
1.115999999999999371e-03
3.281000000000002664e-03
2.659999999999998737e-03
1.000000000000000929e-05
8.911000000000000518e-03
3.829999999999997686e-04
9.400000000000005140e-04
6.340000000000006221e-03
2.296200000000001365e-02
2.499999999999998087e-05
