7.449999999999993520e-04
1.348300000000000887e-02
4.833000000000002225e-03
1.419999999999999171e-03
1.590000000000000972e-04
1.705999999999999617e-03
8.069999999999994495e-04
3.560000000000003049e-04
1.699999999999998970e-05
5.756000000000004169e-03
8.935999999999999499e-03
5.163000000000000055e-03
3.871999999999997839e-03
2.084000000000001216e-03
1.481999999999998943e-03
1.481999999999998943e-03
1.078999999999999014e-03
9.939999999999996581e-04
4.600000000000002036e-05
4.611000000000002250e-03
2.329999999999999172e-03
4.507000000000001456e-03
2.897599999999998788e-02
1.969999999999999963e-03
7.619999999999995484e-04
9.810000000000001011e-04
2.820000000000002192e-03
4.790000000000001505e-04
1.708000000000000750e-03
2.680000000000001717e-04
2.782499999999999557e-02
3.502699999999998176e-02
8.118999999999992542e-03
4.171000000000000228e-03
3.440000000000001759e-04
1.036000000000000029e-03
5.119999999999997600e-04
5.318500000000002392e-02
1.687000000000000565e-03
1.427000000000000143e-02
4.100000000000001403e-05
3.579999999999999849e-03
1.310000000000000129e-04
1.871999999999999099e-03
4.285000000000001481e-03
8.720000000000002706e-04
1.090000000000000338e-04
6.366000000000004468e-03
1.640000000000000561e-04
5.500000000000003150e-03
9.558000000000007462e-03
8.239999999999992122e-04
3.007999999999997655e-03
6.579999999999996225e-04
5.869999999999995013e-03
9.410000000000002130e-04
3.520999999999999391e-03
1.580000000000001000e-04
3.043700000000002306e-02
4.469999999999998606e-04
9.600000000000007019e-05
5.300000000000004144e-05
4.818999999999996897e-03
1.571999999999998529e-03
3.916199999999998849e-02
8.090000000000004739e-04
3.939999999999999926e-03
1.065999999999999890e-03
1.780999999999999814e-03
3.549999999999997927e-04
9.300000000000009214e-05
7.309999999999997706e-04
1.310000000000000129e-04
1.341900000000000731e-02
7.399999999999996912e-05
7.900000000000005000e-05
1.195000000000000966e-03
2.997000000000000098e-03
1.078999999999999014e-03
7.200000000000000182e-05
3.106999999999999085e-03
7.479999999999995333e-04
2.236000000000001441e-03
4.986999999999998379e-03
4.100000000000001403e-05
1.051999999999998943e-02
9.200000000000004073e-05
2.660000000000000689e-04
8.399999999999996825e-05
2.789999999999998427e-04
3.060000000000001738e-04
1.120000000000000932e-04
4.482999999999996536e-03
2.640000000000001829e-04
2.629000000000002429e-03
3.373000000000000130e-03
8.249999999999995618e-04
1.591000000000000617e-03
2.599999999999998824e-05
2.686999999999998851e-03
4.007000000000000145e-03
4.550000000000001634e-04
4.919999999999997075e-04
1.400000000000001165e-05
3.598000000000000070e-03
2.676999999999999259e-03
6.254000000000003480e-03
2.620000000000000258e-04
2.470000000000000407e-04
1.283899999999999209e-01
1.457900000000000515e-02
4.089999999999997500e-04
4.999999999999996174e-05
3.370000000000001141e-04
9.520000000000006972e-04
7.300000000000002613e-05
5.879999999999994389e-04
2.118999999999999790e-03
9.740000000000009067e-03
1.200000000000000877e-05
6.509999999999994090e-03
4.679999999999997747e-04
3.093999999999999962e-03
9.095000000000004123e-03
3.300000000000002286e-05
8.190000000000000665e-04
1.014999999999999843e-03
1.018000000000000242e-03
1.193600000000000043e-02
3.897000000000000724e-03
8.999999999999991080e-05
1.205999999999999173e-03
2.169000000000000355e-03
3.737000000000000304e-03
6.660000000000000338e-04
9.939999999999996581e-04
5.180000000000000143e-04
1.647500000000001047e-02
3.969999999999998378e-04
1.668000000000001079e-03
4.635900000000002519e-02
1.327600000000000655e-02
9.799999999999999684e-05
7.562999999999992472e-03
2.674999999999997692e-03
9.149999999999993642e-04
3.328999999999999494e-03
5.419000000000005410e-03
7.699999999999994718e-05
6.921000000000003538e-03
2.686500000000000346e-02
1.100600000000000363e-02
4.532000000000000438e-03
2.831000000000002959e-02
8.980000000000001436e-04
6.129999999999998297e-04
5.843999999999995032e-03
5.779000000000004619e-03
9.465999999999993517e-03
6.840000000000003629e-04
8.459999999999997470e-04
5.539999999999999135e-04
1.710000000000000907e-04
7.499999999999999343e-05
2.085999999999999313e-02
2.091999999999997941e-03
1.400000000000001165e-05
1.883000000000000342e-03
6.499999999999996720e-05
2.933000000000001578e-03
5.300000000000004144e-05
2.050000000000001040e-04
4.899999999999999842e-05
4.399999999999999208e-05
2.860000000000000996e-03
1.724999999999999320e-03
4.453000000000002963e-03
3.199999999999998500e-05
1.590000000000000972e-04
3.870000000000001369e-04
2.400000000000001755e-05
6.200000000000000270e-05
1.348000000000000457e-03
2.559999999999998800e-04
9.099999999999996221e-05
3.699999999999998456e-05
1.219999999999999974e-04
6.180000000000002765e-04
1.600999999999999776e-03
9.222000000000004499e-03
2.202999999999997929e-03
2.491999999999998557e-03
6.789999999999998077e-04
7.300000000000002613e-05
1.250000000000000839e-04
9.779999999999999197e-04
6.920000000000006658e-04
2.250000000000000752e-04
4.519999999999998737e-04
2.291000000000000935e-03
6.031000000000002505e-03
1.499999999999999699e-05
1.339000000000000129e-03
1.252000000000000942e-03
9.709999999999998580e-04
1.362000000000000580e-03
1.928999999999999725e-03
1.217000000000000633e-03
3.027100000000000971e-02
5.728000000000003922e-03
9.149999999999993642e-04
1.340000000000000858e-04
2.329999999999999986e-04
2.300000000000001018e-05
2.327299999999999161e-02
3.500000000000001726e-05
