7.900000000000005000e-05
8.799999999999998416e-05
1.949999999999999152e-04
5.109999999999999525e-04
1.698999999999999556e-03
3.760000000000002056e-03
8.799999999999998416e-05
9.019999999999998071e-04
2.199999999999999604e-05
3.429999999999996637e-04
5.300000000000004144e-05
1.479000000000000713e-03
2.354999999999999455e-03
3.633999999999999210e-03
6.999999999999994508e-04
4.455999999999997289e-03
4.800000000000003510e-05
3.091999999999998396e-03
8.462000000000005975e-03
2.064999999999998694e-03
4.629999999999996965e-03
1.203000000000000510e-03
4.039999999999998996e-04
5.099999999999999282e-04
7.566999999999996472e-03
6.140000000000004829e-03
9.699999999999995898e-05
9.050000000000002053e-04
4.500000000000001503e-04
5.620999999999994924e-03
4.049999999999995444e-04
4.869999999999999655e-04
1.802999999999999482e-03
6.202000000000006119e-03
4.573999999999996471e-03
6.008000000000006391e-03
1.000000000000000929e-05
1.150000000000000035e-04
3.356999999999999741e-03
1.342000000000000961e-03
1.382000000000000849e-03
9.480000000000001663e-04
1.435999999999999950e-02
1.786100000000001228e-02
9.499999999999996728e-04
2.249000000000000565e-03
5.709999999999997846e-04
9.689999999999999178e-04
4.019999999999997534e-03
2.519999999999999454e-04
4.499999999999995540e-05
6.210000000000000242e-04
4.620000000000002252e-04
5.300000000000004144e-05
1.299999999999999412e-05
5.010000000000001431e-04
2.789999999999998427e-04
1.128000000000000877e-02
8.799999999999998416e-05
4.399999999999997988e-04
1.480000000000000629e-03
4.729000000000002299e-03
2.335000000000002438e-03
1.907999999999998673e-03
4.139999999999998174e-04
3.630000000000000956e-04
9.070000000000003624e-04
1.880000000000001028e-03
2.139999999999999704e-04
1.980000000000000694e-04
8.149999999999998608e-04
4.054000000000001179e-03
3.490000000000002432e-04
5.010000000000001431e-04
3.753999999999998224e-03
1.223000000000001430e-03
7.487999999999996395e-03
1.294000000000001312e-03
9.471999999999996048e-03
2.227000000000001981e-03
5.459999999999998709e-03
4.999999999999996174e-05
2.915000000000000490e-03
4.030000000000002005e-04
3.691999999999999969e-03
2.099999999999999206e-05
3.580000000000002451e-04
5.976600000000002744e-02
5.940000000000005605e-04
4.100000000000001403e-05
1.355000000000000518e-03
1.325000000000000006e-03
5.657999999999997233e-03
1.069999999999999852e-04
8.300000000000005236e-05
2.020999999999999793e-03
3.210000000000000505e-04
2.104999999999999667e-03
9.819999999999993665e-04
2.436999999999999063e-03
6.040000000000002615e-04
1.947900000000001713e-02
8.799999999999998416e-05
4.553000000000000623e-03
1.369999999999999961e-04
8.900000000000007623e-05
8.060000000000004010e-04
1.099899999999999316e-02
6.999999999999994508e-04
2.405000000000000887e-03
1.929999999999998123e-04
1.381999999999999548e-02
3.169000000000002110e-03
2.717999999999998629e-03
1.320000000000000914e-04
6.679999999999994319e-04
2.480000000000000108e-04
8.639999999999999677e-04
1.159999999999998787e-04
2.370000000000000416e-04
3.252000000000001851e-03
2.110000000000000330e-03
4.035300000000002080e-02
3.420000000000001815e-04
1.021999999999999905e-03
1.153300000000000332e-02
1.876000000000001148e-03
2.059999999999998031e-04
1.099999999999999497e-04
1.850999999999999781e-03
2.467999999999998841e-03
2.220000000000000293e-04
6.127999999999996297e-03
4.960000000000000216e-04
4.189999999999996678e-04
3.090000000000001383e-04
3.727999999999999977e-03
2.622999999999999898e-03
2.519400000000002540e-02
5.700000000000000314e-05
2.022000000000000360e-03
1.900000000000000376e-04
1.029999999999999015e-04
3.716499999999996889e-02
3.992900000000003391e-02
2.180000000000000676e-04
7.575000000000000136e-03
2.199999999999999604e-05
3.371199999999997809e-02
1.515000000000000938e-03
6.989999999999993181e-04
3.101999999999997121e-03
1.161000000000000356e-03
1.033999999999999980e-03
8.300000000000005236e-05
2.779999999999999811e-04
1.502000000000001598e-03
1.099999999999999802e-05
4.216200000000001891e-02
1.200000000000000877e-05
2.279500000000000623e-02
6.150000000000000952e-04
3.933000000000000732e-03
3.710000000000000190e-03
7.084100000000002895e-02
4.130000000000000641e-04
7.769999999999999130e-04
8.350000000000004988e-03
1.230900000000001090e-02
2.540000000000001024e-04
6.079000000000000202e-03
5.959999999999995249e-04
1.155529999999999474e-01
5.029999999999999749e-04
1.738999999999999444e-03
1.255299999999999298e-02
3.947000000000003457e-03
8.987000000000003666e-03
8.550000000000007247e-04
2.100900000000002071e-02
4.499999999999995540e-05
2.739999999999999923e-04
1.830000000000000029e-04
4.193000000000001413e-03
1.910000000000001432e-04
1.245999999999999278e-03
2.184000000000000611e-03
3.619999999999998544e-04
9.289999999999994876e-04
5.809999999999993772e-04
7.199999999999992864e-04
1.520000000000001710e-04
2.001399999999998319e-02
2.760000000000001493e-04
3.075999999999998440e-03
1.629999999999999776e-04
3.580000000000002451e-04
6.840000000000003629e-04
6.399999999999997000e-05
2.202999999999997929e-03
2.199999999999999604e-05
1.050000000000000315e-04
1.085999999999999075e-03
6.679999999999994319e-04
1.148000000000000799e-03
3.100000000000000135e-05
1.133000000000000109e-03
2.000000000000001858e-05
1.929999999999998123e-04
1.549999999999999729e-04
1.454999999999999480e-03
3.046999999999997627e-03
7.440000000000007371e-04
1.660000000000001047e-04
5.805000000000002866e-03
3.317900000000000016e-02
