7.888665642800601701e-05
8.817974505979274879e-05
1.952442023532580540e-04
5.112179718533031367e-04
1.698510628041091869e-03
3.760201474658804791e-03
8.830401488152582142e-05
9.019370434059557039e-04
2.220600632156062912e-05
3.425841154514873985e-04
5.338529569528420796e-05
1.479105948539268054e-03
2.354826373718625025e-03
3.634100122378670483e-03
6.996706130642973542e-04
4.456256791290028746e-03
4.827564390372251108e-05
3.092412809819663697e-03
8.461974574293783247e-03
2.064892671668593169e-03
4.630201937221085917e-03
1.202593608031337800e-03
4.044603996926082615e-04
5.104532580653305118e-04
7.567262111825296365e-03
6.139974991486629209e-03
9.730497700123108583e-05
9.046272431410245368e-04
4.501030261427856191e-04
5.620533034205539048e-03
4.052586238135158460e-04
4.869632798243770278e-04
1.803224998691384771e-03
6.202314894098038232e-03
4.573938621176988802e-03
6.007607673911134240e-03
9.906659042115642684e-06
1.152011004707812278e-04
3.356865432896143520e-03
1.342234854144785808e-03
1.381989479542056806e-03
9.476904963395660743e-04
1.435953518694180892e-02
1.786054894728522288e-02
9.503047097303755041e-04
2.249340835479458033e-03
5.706407403675200834e-04
9.690068785719396045e-04
4.020489768812951156e-03
2.521110144541283907e-04
4.484453552927287703e-05
6.207533017273496323e-04
4.623356903273085250e-04
5.334842085537523285e-05
1.307102625251934451e-05
5.005847391551810624e-04
2.786134893927017485e-04
1.128021859834784854e-02
8.847465413201912026e-05
4.404068627747876057e-04
1.480479437498643906e-03
4.728600538087215747e-03
2.334649246485099965e-03
1.907673781504641520e-03
4.142272541106365889e-04
3.629097772991857554e-04
9.067098133383290955e-04
1.879986287258981949e-03
2.141961009090742488e-04
1.982667374191285565e-04
8.152538366312608474e-04
4.054038220920940655e-03
3.491539743526220186e-04
5.005574555989380234e-04
3.754162864219763585e-03
1.222510795027507806e-03
7.487938977383557307e-03
1.294343818065778412e-03
9.472189201071089248e-03
2.227146702081134709e-03
5.460140227360452125e-03
4.958580653698873273e-05
2.915442302179844809e-03
4.027436739114666187e-04
3.691940997771003298e-03
2.090408641946218805e-05
3.579651438747554447e-04
5.976563383877977337e-02
5.938440755434186901e-04
4.071052190385226300e-05
1.355381941868375514e-03
1.325406340076130344e-03
5.658258963908052545e-03
1.065879318876578074e-04
8.268617140657308579e-05
2.021365455943144578e-03
3.206355531328331518e-04
2.105245386930443361e-03
9.816201237526310779e-04
2.436779276780597168e-03
6.036147610040615633e-04
1.947875135410299594e-02
8.839695721218172268e-05
4.552700435279865773e-03
1.373916504885035021e-04
8.909311924530630600e-05
8.063150606295068886e-04
1.099878948988604506e-02
7.004190655333981290e-04
2.405039806946758854e-03
1.925343528755337624e-04
1.381962826443920885e-02
3.169205714096989465e-03
2.717511885088903789e-03
1.320053520002153059e-04
6.680046686361223096e-04
2.478267755291045128e-04
8.636819368480140287e-04
1.156176396753224510e-04
2.365781832823469111e-04
3.252344890396885891e-03
2.109894295677653981e-03
4.035268074589262038e-02
3.416676828941084287e-04
1.021605758103411726e-03
1.153349552360725776e-02
1.875868846597575834e-03
2.063008366183984466e-04
1.101556436677231032e-04
1.850746215555205531e-03
2.468161738648639181e-03
2.222095606162792969e-04
6.127506209561622841e-03
4.957390162875445873e-04
4.188978056908501343e-04
3.086641517368997898e-04
3.728076127265616754e-03
2.623372668826723722e-03
2.519411482023703117e-02
5.716072263063945810e-05
2.022022785836208661e-03
1.903140470862211468e-04
1.025020187207101378e-04
3.716526893592188990e-02
3.992903012130032125e-02
2.179410599097786143e-04
7.575154053275712576e-03
2.218409126575580993e-05
3.371207491228342401e-02
1.515462561356414450e-03
6.993621792456673845e-04
3.102316116560786124e-03
1.160903553754246689e-03
1.034419909259476919e-03
8.267571827306434819e-05
2.779974419292344603e-04
1.502263996412998327e-03
1.063555454763058622e-05
4.216249585157897523e-02
1.163886307088003223e-05
2.279492387194270372e-02
6.146928575406796500e-04
3.933485471393703171e-03
3.710154246948989699e-03
7.084140340026781613e-02
4.134655513514728454e-04
7.770401955875271861e-04
8.350497012740473735e-03
1.230881314898164131e-02
2.541316351097056545e-04
6.079394602925673047e-03
5.958598547981232502e-04
1.155533927312216991e-01
5.026298760590736884e-04
1.738577181966309039e-03
1.255340658855516947e-02
3.947432265261285010e-03
8.987415385488877265e-03
8.552455852945398595e-04
2.100866766977957378e-02
4.534460171974965414e-05
2.737562058771026915e-04
1.830205099801400872e-04
4.193360983542150644e-03
1.913969616930048074e-04
1.245779300338842582e-03
2.183800739891435510e-03
3.622898731656851688e-04
9.289697131191561492e-04
5.810099362053243715e-04
7.200059571919571137e-04
1.521088877152720876e-04
2.001383702970430806e-02
2.759785373590218824e-04
3.075959105928227199e-03
1.628626201639972774e-04
3.584133365797991595e-04
6.838478288831077809e-04
6.403367873245061580e-05
2.203002787168959701e-03
2.216475304911620805e-05
1.053499246324830573e-04
1.086321074391155463e-03
6.681047202862928349e-04
1.148266794078504341e-03
3.096279569314737672e-05
1.133159057667715991e-03
2.005796666523411372e-05
1.928801243185284905e-04
1.545875832362758736e-04
1.454874911124540062e-03
3.046774262216278562e-03
7.437663342590322170e-04
1.655751211087981469e-04
5.804613727776040955e-03
3.317931417345694467e-02
