1.817999999999999738e-03
4.220000000000000660e-03
4.899999999999999842e-05
3.020000000000001308e-04
2.800000000000001381e-04
9.429000000000003351e-03
1.295999999999998976e-03
1.347000000000000757e-03
1.592000000000001617e-03
2.532999999999997927e-03
1.499999999999999699e-05
1.544999999999999282e-03
3.370000000000001141e-04
3.235000000000001329e-03
1.072200000000000583e-02
6.049999999999999822e-03
6.200000000000000270e-05
2.327500000000001790e-02
5.429999999999995377e-04
4.030000000000002005e-04
6.399999999999997000e-05
9.880000000000001628e-04
2.370000000000000416e-04
5.292600000000001470e-02
6.369999999999996542e-04
1.523999999999999097e-03
3.100000000000000135e-05
1.111999999999999924e-03
7.652999999999999213e-03
4.800000000000003510e-05
1.655999999999999269e-03
7.406999999999998655e-03
1.842999999999998936e-03
1.126000000000000048e-03
5.894000000000003403e-03
1.162999999999999538e-03
6.702999999999994553e-03
1.175000000000000480e-03
3.669000000000002554e-03
3.963999999999997040e-03
1.283899999999999278e-02
1.879999999999998534e-04
2.222999999999997894e-02
4.290999999999998808e-03
3.007000000000001685e-02
9.359999999999995494e-04
7.810000000000003354e-04
3.318000000000000636e-03
9.844999999999994381e-03
4.328999999999999515e-03
3.313999999999998371e-03
9.000000000000000228e-06
3.779999999999999181e-04
7.595000000000000188e-03
1.679999999999999365e-04
4.682999999999995326e-03
2.975000000000001948e-03
5.070000000000003974e-04
5.768999999999997221e-03
2.055000000000000836e-03
1.063000000000000793e-03
3.124000000000001342e-03
6.210000000000000242e-04
9.300000000000009214e-05
4.597999999999998789e-03
9.410000000000002130e-04
2.354999999999999455e-03
2.199999999999999604e-05
6.299999999999998635e-05
9.559999999999992766e-04
2.435000000000002267e-03
2.129999999999998648e-04
4.490999999999996731e-03
2.122999999999999887e-03
2.334000000000001872e-03
1.968000000000000305e-02
2.634999999999998888e-03
5.016999999999995422e-03
4.638000000000002364e-03
1.953899999999998000e-02
3.031000000000002442e-03
7.829999999999997335e-04
2.699999999999999899e-05
4.410000000000003110e-04
2.289999999999999935e-03
2.970000000000002803e-04
2.031000000000000253e-03
1.056000000000000731e-03
1.507199999999998645e-02
4.659999999999999971e-04
1.062050000000000632e-01
3.300000000000002286e-05
2.434000000000001267e-03
7.370000000000006754e-04
3.938999999999998926e-03
1.070100000000000391e-02
6.439999999999997159e-04
3.230999999999998630e-03
5.684999999999997347e-03
1.212999999999999235e-03
9.279999999999990297e-04
7.172000000000005628e-03
9.899999999999999946e-04
5.800000000000004371e-04
1.041799999999999497e-02
2.844400000000001094e-02
7.922000000000001957e-03
7.559999999999998362e-04
4.503000000000004395e-03
6.667099999999996640e-02
1.099999999999999802e-05
4.839999999999997299e-04
1.277000000000000140e-03
3.940000000000001444e-04
9.019999999999998071e-04
5.525000000000001264e-03
2.950999999999998329e-03
1.796999999999999553e-03
8.211999999999998814e-03
1.590000000000000972e-04
4.030000000000002005e-04
2.590000000000000071e-04
2.629999999999999417e-04
1.190999999999999568e-03
2.758999999999998433e-03
2.000000000000001858e-05
9.000000000000000228e-06
4.529999999999999522e-04
3.359599999999998005e-02
1.381000000000000066e-03
3.926399999999997947e-02
1.404000000000000734e-03
1.710999999999999197e-03
1.300999999999998772e-03
9.796000000000007826e-03
8.960000000000007455e-04
1.079999999999999960e-04
3.500000000000001726e-05
1.499999999999999699e-05
2.739999999999999923e-04
2.615000000000002305e-03
1.828799999999998135e-02
4.699999999999996336e-05
2.439999999999999949e-04
5.700000000000000314e-05
3.969999999999998378e-04
2.570000000000001211e-04
8.130000000000004627e-04
3.413999999999999500e-03
2.800000000000002330e-05
4.197999999999999475e-03
1.113000000000000491e-03
1.161000000000000356e-03
1.565899999999998890e-02
1.148999999999999631e-03
1.060000000000000829e-04
9.370000000000001158e-04
1.563000000000001454e-03
2.379999999999998003e-03
4.319999999999999838e-04
5.360000000000002783e-03
3.300000000000002286e-05
5.690000000000000613e-04
2.059999999999998031e-04
7.799999999999995793e-05
3.649999999999998732e-03
2.850000000000000428e-04
1.614999999999998815e-03
4.490999999999996731e-03
7.200000000000000182e-05
4.600000000000002036e-05
2.259999999999999368e-04
4.715999999999998839e-03
2.189999999999998209e-04
3.669999999999997049e-04
3.910000000000003425e-04
2.699999999999998950e-04
1.161699999999999192e-02
5.300000000000004144e-05
8.969999999999996856e-04
2.249000000000000565e-03
1.299999999999999412e-05
2.900000000000002185e-04
1.099999999999999802e-05
7.300000000000002613e-05
5.929999999999998857e-04
6.900000000000003732e-05
1.383000000000000765e-03
9.470000000000005757e-04
5.020000000000000590e-04
6.309999999999997252e-04
4.340000000000002493e-04
7.399999999999996912e-05
5.833000000000003113e-03
1.299999999999999344e-04
1.689999999999999066e-04
1.342999999999998926e-03
7.576900000000004465e-02
1.409000000000000313e-03
5.123999999999997480e-03
2.857999999999999863e-03
1.479100000000000206e-02
3.910000000000003425e-04
4.103999999999997407e-03
1.203000000000000510e-03
1.890000000000001271e-03
6.299999999999995924e-04
4.981000000000004521e-03
3.440000000000001759e-04
7.147999999999993768e-03
1.060999999999999660e-03
3.419000000000001899e-03
1.078999999999999014e-03
1.347000000000000757e-03
3.600000000000000091e-05
9.000000000000000228e-06
