1 nan
2 nan
3 9.499999999999999556e-01
4 8.199999999999999512e-01
5 8.299999999999999600e-01
6 7.299999999999999822e-01
7 7.900000000000000355e-01
8 7.600000000000000089e-01
9 7.700000000000000178e-01
10 8.399999999999999689e-01
11 9.100000000000000311e-01
12 7.600000000000000089e-01
13 7.900000000000000355e-01
14 9.399999999999999467e-01
15 9.699999999999999734e-01
16 9.899999999999999911e-01
17 9.699999999999999734e-01
18 9.200000000000000400e-01
19 nan
20 9.399999999999999467e-01
21 9.100000000000000311e-01
22 8.499999999999999778e-01
23 1.000000000000000000e+00
24 1.020000000000000018e+00
25 9.499999999999999556e-01
26 9.499999999999999556e-01
27 1.010000000000000009e+00
28 7.099999999999999645e-01
29 7.900000000000000355e-01
30 7.299999999999999822e-01
31 2.999999999999999889e-01
32 5.100000000000000089e-01
33 3.900000000000000133e-01
34 nan
35 nan
36 nan
37 4.000000000000000083e-02
38 nan
39 nan
40 nan
41 1.300000000000000044e-01
42 5.799999999999999600e-01
43 6.400000000000000133e-01
44 nan
45 7.800000000000000266e-01
46 nan
47 8.299999999999999600e-01
48 1.030000000000000027e+00
49 9.499999999999999556e-01
50 9.100000000000000311e-01
51 8.900000000000000133e-01
52 8.499999999999999778e-01
53 9.699999999999999734e-01
54 8.499999999999999778e-01
55 7.600000000000000089e-01
56 1.000000000000000000e+00
57 8.900000000000000133e-01
58 8.900000000000000133e-01
59 8.299999999999999600e-01
60 9.100000000000000311e-01
61 8.699999999999999956e-01
62 8.399999999999999689e-01
63 7.600000000000000089e-01
64 8.699999999999999956e-01
65 8.100000000000000533e-01
66 5.300000000000000266e-01
67 7.399999999999999911e-01
68 8.599999999999999867e-01
69 3.099999999999999978e-01
70 7.299999999999999822e-01
71 2.899999999999999800e-01
72 8.699999999999999956e-01
73 9.300000000000000488e-01
74 9.599999999999999645e-01
75 1.030000000000000027e+00
76 9.799999999999999822e-01
77 8.399999999999999689e-01
78 9.699999999999999734e-01
79 9.599999999999999645e-01
80 9.699999999999999734e-01
81 9.599999999999999645e-01
82 9.100000000000000311e-01
83 9.300000000000000488e-01
84 1.030000000000000027e+00
85 1.000000000000000000e+00
86 1.020000000000000018e+00
