1 nan
2 nan
3 1.000000000000000000e+00
4 1.040000000000000036e+00
5 1.030000000000000027e+00
6 1.060000000000000053e+00
7 9.799999999999999822e-01
8 1.020000000000000018e+00
9 9.300000000000000488e-01
10 9.599999999999999645e-01
11 9.699999999999999734e-01
12 8.800000000000000044e-01
13 8.499999999999999778e-01
14 1.010000000000000009e+00
15 9.200000000000000400e-01
16 1.030000000000000027e+00
17 1.000000000000000000e+00
18 9.200000000000000400e-01
19 nan
20 9.899999999999999911e-01
21 8.399999999999999689e-01
22 8.299999999999999600e-01
23 1.000000000000000000e+00
24 1.060000000000000053e+00
25 7.600000000000000089e-01
26 7.299999999999999822e-01
27 9.000000000000000222e-01
28 8.800000000000000044e-01
29 8.699999999999999956e-01
30 9.000000000000000222e-01
31 6.099999999999999867e-01
32 8.399999999999999689e-01
33 1.040000000000000036e+00
34 1.000000000000000000e+00
35 1.030000000000000027e+00
36 1.020000000000000018e+00
37 1.060000000000000053e+00
38 8.199999999999999512e-01
39 1.010000000000000009e+00
40 7.900000000000000355e-01
41 7.900000000000000355e-01
42 5.899999999999999689e-01
43 3.300000000000000155e-01
44 nan
45 1.000000000000000056e-01
46 nan
47 nan
48 7.000000000000000666e-02
49 7.000000000000000666e-02
50 1.799999999999999933e-01
51 3.499999999999999778e-01
52 2.600000000000000089e-01
53 3.699999999999999956e-01
54 4.400000000000000022e-01
55 2.800000000000000266e-01
56 7.600000000000000089e-01
57 7.399999999999999911e-01
58 8.199999999999999512e-01
59 9.699999999999999734e-01
60 9.300000000000000488e-01
61 1.000000000000000000e+00
62 1.000000000000000000e+00
63 1.040000000000000036e+00
64 1.040000000000000036e+00
65 1.050000000000000044e+00
66 8.199999999999999512e-01
67 9.599999999999999645e-01
68 1.010000000000000009e+00
69 1.010000000000000009e+00
70 1.000000000000000000e+00
71 1.020000000000000018e+00
72 1.000000000000000000e+00
73 1.040000000000000036e+00
74 1.050000000000000044e+00
75 1.020000000000000018e+00
76 1.040000000000000036e+00
77 1.000000000000000000e+00
78 9.300000000000000488e-01
79 9.899999999999999911e-01
80 9.100000000000000311e-01
81 1.010000000000000009e+00
82 1.010000000000000009e+00
83 1.050000000000000044e+00
84 1.070000000000000062e+00
85 1.050000000000000044e+00
86 1.050000000000000044e+00
