1    nan
2    5.028050e-01
3    6.459601e-01
4    7.527069e-01
5    5.500241e-01
6    3.708447e-01
7    6.097447e-01
8    6.295406e-01
9    4.197506e-01
10   5.384371e-01
11   7.407508e-01
12   7.155804e-01
13   6.403323e-01
14   8.292063e-01
15   8.830986e-01
16   9.614163e-01
17   9.624550e-01
18   9.668655e-01
19   nan
20   9.307801e-01
21   9.265154e-01
22   8.996340e-01
23   8.648192e-01
24   7.904284e-01
25   6.633862e-01
26   5.985384e-01
27   4.649925e-01
28   2.139807e-01
29   9.190774e-02
30   6.775410e-02
31   7.923035e-03
32   5.764392e-08
33   3.533625e-11
34   1.560911e-07
35   7.756801e-30
36   nan
37   0.000000e+00
38   6.295394e-10
39   6.396987e-05
40   3.991261e-12
41   3.257779e-04
42   5.551490e-02
43   2.419488e-01
44   nan
45   7.782540e-01
46   8.781862e-01
47   9.122489e-01
48   9.063846e-01
49   8.784718e-01
50   8.599497e-01
51   7.284564e-01
52   7.178160e-01
53   7.223586e-01
54   5.232479e-01
55   2.992793e-01
56   3.931819e-01
57   3.860856e-01
58   1.061999e-01
59   6.953343e-02
60   2.544881e-01
61   1.246512e-01
62   8.224645e-02
63   1.016989e-01
64   1.051821e-01
65   2.704631e-01
66   4.749457e-02
67   1.808225e-01
68   3.361359e-01
69   1.700535e-01
70   1.136908e-01
71   4.267488e-01
72   5.559656e-01
73   4.015511e-01
74   5.171424e-01
75   7.657577e-01
76   7.758386e-01
77   7.492646e-01
78   8.603041e-01
79   9.159317e-01
80   9.122390e-01
81   9.323200e-01
82   9.619747e-01
83   9.701118e-01
84   9.685849e-01
85   9.719666e-01
86   9.779906e-01
