# residue i_ratio gamma_2
1.000000000000000000e+00 nan nan
2.000000000000000000e+00 9.892625037685540690e-01 1.213182732569306199e-01
3.000000000000000000e+00 9.890154799591515111e-01 1.241369822038119464e-01
4.000000000000000000e+00 9.841276716945319691e-01 1.801700651747370485e-01
5.000000000000000000e+00 9.789130431514491137e-01 2.405004341591073513e-01
6.000000000000000000e+00 9.761093740559846355e-01 2.731751173953515521e-01
7.000000000000000000e+00 9.660886403793268462e-01 3.913413920586366057e-01
8.000000000000000000e+00 9.458007733878933676e-01 6.373998646302797555e-01
9.000000000000000000e+00 9.318681645356694521e-01 8.118925503645229025e-01
1.000000000000000000e+01 9.147061210257836361e-01 1.033311146640322642e+00
1.100000000000000000e+01 8.597025062253029759e-01 1.795437442508050818e+00
1.200000000000000000e+01 7.768863127568675919e-01 3.120329860867443461e+00
1.300000000000000000e+01 7.497259534700019268e-01 3.610223362153353488e+00
1.400000000000000000e+01 5.688251361954157481e-01 7.873715093411059129e+00
1.500000000000000000e+01 3.312715292785023413e-01 1.888865144313120936e+01
1.600000000000000000e+01 4.328778832941590493e-02 9.735292252729041707e+01
1.700000000000000000e+01 nan nan
1.800000000000000000e+01 7.827039374242484866e-06 7.637074417058510107e+02
1.900000000000000000e+01 nan nan
2.000000000000000000e+01 1.871015531228371609e-01 3.490228157076125370e+01
2.100000000000000000e+01 3.850675616843513560e-01 1.544002687028939036e+01
2.200000000000000000e+01 6.935023968068116940e-01 4.729383989512726316e+00
2.300000000000000000e+01 6.406121883086275393e-01 5.935265715773953232e+00
2.400000000000000000e+01 6.109649756078724403e-01 6.688797443396880205e+00
2.500000000000000000e+01 7.974336391688930936e-01 2.769146261026984135e+00
2.600000000000000000e+01 8.698615247738412659e-01 1.648268316996058580e+00
2.700000000000000000e+01 8.633235783880301994e-01 1.742630059191119685e+00
2.800000000000000000e+01 8.783986984511845675e-01 1.526921323404826003e+00
2.900000000000000000e+01 9.435135155538205698e-01 6.657309979545500411e-01
3.000000000000000000e+01 9.584060529726953215e-01 4.834265964705595775e-01
3.100000000000000000e+01 9.569888986810383136e-01 5.005568064583424404e-01
3.200000000000000000e+01 9.694122858873061022e-01 3.519068843543148861e-01
3.300000000000000000e+01 9.821272079303616787e-01 2.032466901361160705e-01
3.400000000000000000e+01 9.833814495131474320e-01 1.887684089363397544e-01
3.500000000000000000e+01 9.849845564018069322e-01 1.703109656629303026e-01
3.600000000000000000e+01 9.881696959320545037e-01 1.337974860432067647e-01
3.700000000000000000e+01 9.909248524497816790e-01 1.023824121994986736e-01
3.800000000000000000e+01 9.952438716528944074e-01 5.344869044854755336e-02
3.900000000000000000e+01 9.936378190794005194e-01 7.160057229862784589e-02
4.000000000000000000e+01 9.937711939674084283e-01 7.009114965193433133e-02
4.100000000000000000e+01 9.939676014148896011e-01 6.786903775603440880e-02
4.200000000000000000e+01 9.937239981889938178e-01 7.062522960878411804e-02
4.300000000000000000e+01 9.938710512083606119e-01 6.896128805906963366e-02
4.400000000000000000e+01 nan nan
4.500000000000000000e+01 9.926251063339850411e-01 8.307341415185373612e-02
4.600000000000000000e+01 9.940332676831433734e-01 6.712627871611129282e-02
4.700000000000000000e+01 9.919744448221663458e-01 9.045568882283537560e-02
4.800000000000000000e+01 9.864906018639818530e-01 1.530198639043346687e-01
4.900000000000000000e+01 9.742680934633328738e-01 2.947251621736874938e-01
5.000000000000000000e+01 9.468559835569642091e-01 6.243705636322663954e-01
5.100000000000000000e+01 9.541617453099263679e-01 5.348661181640823603e-01
5.200000000000000000e+01 9.709101535799918858e-01 3.342136596974240592e-01
5.300000000000000000e+01 9.606386579405148396e-01 4.565307994246463608e-01
5.400000000000000000e+01 9.454617080328717726e-01 6.415919983737169430e-01
5.500000000000000000e+01 9.714710841774283345e-01 3.276003200593908815e-01
5.600000000000000000e+01 9.809530719674834920e-01 2.168302320682618800e-01
5.700000000000000000e+01 9.742377758401402632e-01 2.950806028852241969e-01
5.800000000000000000e+01 9.776082536340146012e-01 2.556859779302850244e-01
5.900000000000000000e+01 9.866692228340211424e-01 1.509722215424898484e-01
6.000000000000000000e+01 9.880796362104784514e-01 1.348270142138629779e-01
6.100000000000000000e+01 9.887378104991039196e-01 1.273068810258603800e-01
6.200000000000000000e+01 9.925642376757372043e-01 8.376365093386435590e-02
6.300000000000000000e+01 9.954371344755794659e-01 5.126793063089406244e-02
6.400000000000000000e+01 9.944920554964093995e-01 6.193932111159457243e-02
6.500000000000000000e+01 9.947669514679225999e-01 5.883345476659768147e-02
6.600000000000000000e+01 9.949601563134511384e-01 5.665148009669501716e-02
6.700000000000000000e+01 9.942380142885016703e-01 6.481092835163555776e-02
6.800000000000000000e+01 9.930343315960451500e-01 7.843485599615511450e-02
6.900000000000000000e+01 9.896628985166537884e-01 1.167521686843442652e-01
7.000000000000000000e+01 9.865576250350320819e-01 1.522514583132323351e-01
7.100000000000000000e+01 9.858496334357325086e-01 1.603731367994584711e-01
7.200000000000000000e+01 9.811045225763065369e-01 2.150764740562204902e-01
7.300000000000000000e+01 9.690420297654491755e-01 3.562879710197285332e-01
7.400000000000000000e+01 9.619469199198094067e-01 4.408221069781081969e-01
7.500000000000000000e+01 9.587833479398890635e-01 4.788735539982513778e-01
7.600000000000000000e+01 9.349588743814964964e-01 7.727853260953473358e-01
7.700000000000000000e+01 8.875535955382116704e-01 1.399089466702435169e+00
7.800000000000000000e+01 8.814666554240517815e-01 1.483821211697105458e+00
7.900000000000000000e+01 8.453162566023258995e-01 2.009171959076082370e+00
8.000000000000000000e+01 7.052501896849491247e-01 4.482790731409019180e+00
8.100000000000000000e+01 6.012256123977569588e-01 6.950107070002126797e+00
8.200000000000000000e+01 5.979906177670017975e-01 7.038501694025008248e+00
8.300000000000000000e+01 4.250358728904531924e-01 1.334190203136393116e+01
8.400000000000000000e+01 1.423036745001291237e-01 4.427075423312280122e+01
8.500000000000000000e+01 7.659583367816451271e-02 6.949871020321799620e+01
8.600000000000000000e+01 3.573960393647262731e-04 4.363460194487707327e+02
