# residue i_ratio gamma_2
1.000000000000000000e+00 nan nan
2.000000000000000000e+00 9.977700326766185679e-01 2.500332032298002369e-02
3.000000000000000000e+00 9.981124233795619638e-01 2.115780141210415674e-02
4.000000000000000000e+00 9.982556301240317342e-01 1.955009218760170656e-02
5.000000000000000000e+00 9.973803634234045257e-01 2.938271470040578620e-02
6.000000000000000000e+00 9.967187562469504991e-01 3.682536280893378838e-02
7.000000000000000000e+00 9.973501062627490032e-01 2.972289531277470462e-02
8.000000000000000000e+00 9.969499982102616453e-01 3.422303788598932139e-02
9.000000000000000000e+00 9.953990070147216151e-01 5.169809742874528075e-02
1.000000000000000000e+01 9.957932591126329447e-01 4.725143526095035990e-02
1.100000000000000000e+01 9.965672868386676875e-01 3.853053756264798041e-02
1.200000000000000000e+01 9.953572391608754844e-01 5.216937017664451115e-02
1.300000000000000000e+01 9.936995434077594558e-01 7.090198424106247677e-02
1.400000000000000000e+01 9.953207278672260294e-01 5.258136135908958453e-02
1.500000000000000000e+01 9.951284606162880131e-01 5.475133903313339490e-02
1.600000000000000000e+01 9.971814926042503746e-01 3.161895312696789279e-02
1.700000000000000000e+01 9.963245803136147050e-01 4.126378537390253814e-02
1.800000000000000000e+01 9.941555555002671296e-01 6.574330030572041184e-02
1.900000000000000000e+01 nan nan
2.000000000000000000e+01 9.886324600114442251e-01 1.285099877080257136e-01
2.100000000000000000e+01 9.716806680125655848e-01 3.251310866310068159e-01
2.200000000000000000e+01 9.653855508151701903e-01 3.997144561441341448e-01
2.300000000000000000e+01 9.792134733892602361e-01 2.370090510414730456e-01
2.400000000000000000e+01 9.772287958547100084e-01 2.601090182732058720e-01
2.500000000000000000e+01 9.594704265945095401e-01 4.705903639873481592e-01
2.600000000000000000e+01 9.688819678616356068e-01 3.581828414906358948e-01
2.700000000000000000e+01 9.796325462469013257e-01 2.321420824400763916e-01
2.800000000000000000e+01 9.734633653940765186e-01 3.041664082211767428e-01
2.900000000000000000e+01 9.560272146441184393e-01 5.122071705236734829e-01
3.000000000000000000e+01 9.736608097944625673e-01 3.018486581207945885e-01
3.100000000000000000e+01 9.791671812586631996e-01 2.375469000834880828e-01
3.200000000000000000e+01 9.715743147315716310e-01 3.263839799420718557e-01
3.300000000000000000e+01 9.718628523519280415e-01 3.229854350649293826e-01
3.400000000000000000e+01 9.846635894325530547e-01 1.740021355506237155e-01
3.500000000000000000e+01 9.858664170962051498e-01 1.601804835797377147e-01
3.600000000000000000e+01 9.811418423440475545e-01 2.146443952494320462e-01
3.700000000000000000e+01 9.774981631799570803e-01 2.569688999792844597e-01
3.800000000000000000e+01 9.740234348929294184e-01 2.975940774237681996e-01
3.900000000000000000e+01 9.308569180105915608e-01 8.247381117895028479e-01
4.000000000000000000e+01 9.010860463951319010e-01 1.214349173875338916e+00
4.100000000000000000e+01 8.243777853535417810e-01 2.331956212699827446e+00
4.200000000000000000e+01 6.092671977401646899e-01 6.733837483559820924e+00
4.300000000000000000e+01 4.115673371558176141e-01 1.401194127510589915e+01
4.400000000000000000e+01 nan nan
4.500000000000000000e+01 7.059836064387847721e-02 7.321968084193063930e+01
4.600000000000000000e+01 nan nan
4.700000000000000000e+01 5.773687388419363083e-03 2.227196395965970055e+02
4.800000000000000000e+01 9.096625797981369721e-02 6.194971834620775297e+01
4.900000000000000000e+01 3.182957758913060875e-01 1.985662982774184471e+01
5.000000000000000000e+01 5.678834788253365184e-01 7.901887637804956732e+00
5.100000000000000000e+01 5.829060592633286131e-01 7.461641988151654026e+00
5.200000000000000000e+01 3.883090663298700562e-01 1.525691778249809261e+01
5.300000000000000000e+01 4.170239037218677614e-01 1.373624442470572227e+01
5.400000000000000000e+01 7.228862271638814008e-01 4.125653955967427677e+00
5.500000000000000000e+01 6.250433884914008420e-01 6.323364555958099764e+00
5.600000000000000000e+01 3.465218972275115883e-01 1.782480036237064880e+01
5.700000000000000000e+01 6.762862310354530448e-01 5.104076485330401702e+00
5.800000000000000000e+01 8.331110063203723826e-01 2.195591744709965099e+00
5.900000000000000000e+01 8.139991965279167463e-01 2.497349767476654492e+00
6.000000000000000000e+01 8.448455706993684977e-01 2.016273150363217415e+00
6.100000000000000000e+01 9.311724191138393003e-01 8.207277347833280556e-01
6.200000000000000000e+01 9.386593486464243075e-01 7.262639495103297982e-01
6.300000000000000000e+01 9.719556128691502206e-01 3.218932362402686098e-01
6.400000000000000000e+01 9.789872983518876914e-01 2.396373159100402828e-01
6.500000000000000000e+01 9.914019806835991933e-01 9.695791297412457987e-02
6.600000000000000000e+01 9.928743382162746878e-01 8.024797008678502541e-02
6.700000000000000000e+01 9.950057322184236996e-01 5.613687532319792256e-02
6.800000000000000000e+01 9.947564294114749073e-01 5.895230822449993441e-02
6.900000000000000000e+01 9.925423227757886879e-01 8.401217945519659502e-02
7.000000000000000000e+01 9.937006838050155277e-01 7.088907810057473724e-02
7.100000000000000000e+01 9.958310564316482649e-01 4.682529493873573145e-02
7.200000000000000000e+01 9.950583436970410478e-01 5.554288317379631190e-02
7.300000000000000000e+01 9.936381736915826934e-01 7.159655862171358798e-02
7.400000000000000000e+01 9.954451245146570537e-01 5.117778806455629270e-02
7.500000000000000000e+01 9.966434473359234714e-01 3.767309887280265168e-02
7.600000000000000000e+01 9.955874372823256824e-01 4.957245090155052575e-02
7.700000000000000000e+01 9.954172339046485352e-01 5.149245186952212255e-02
7.800000000000000000e+01 9.970196021492753191e-01 3.343994820190650252e-02
7.900000000000000000e+01 9.970925902517456807e-01 3.261888947361200192e-02
8.000000000000000000e+01 9.962102801113467132e-01 4.255139341781727369e-02
8.100000000000000000e+01 9.971567567913606212e-01 3.189715516026100234e-02
8.200000000000000000e+01 9.979534569476677941e-01 2.294291982688189888e-02
8.300000000000000000e+01 9.977247306466289212e-01 2.551230126789440916e-02
8.400000000000000000e+01 9.973072110174353577e-01 3.020519727163439166e-02
8.500000000000000000e+01 9.978359544344149734e-01 2.426274480513197079e-02
8.600000000000000000e+01 9.983049897730945643e-01 1.899605211609304428e-02
