1    nan
2    9.957422e-01
3    9.964850e-01
4    9.968324e-01
5    9.950591e-01
6    9.934250e-01
7    9.947186e-01
8    9.939391e-01
9    9.901790e-01
10   9.907013e-01
11   9.926915e-01
12   9.899206e-01
13   9.850625e-01
14   9.893160e-01
15   9.891069e-01
16   9.943465e-01
17   9.925571e-01
18   9.876910e-01
19   nan
20   9.783898e-01
21   9.447961e-01
22   9.396477e-01
23   9.613507e-01
24   9.520859e-01
25   9.144694e-01
26   9.404852e-01
27   9.577100e-01
28   9.347712e-01
29   9.024752e-01
30   9.461183e-01
31   9.528057e-01
32   9.305002e-01
33   9.381265e-01
34   9.678762e-01
35   9.686389e-01
36   9.562079e-01
37   9.499099e-01
38   9.503356e-01
39   8.630931e-01
40   7.656577e-01
41   5.897444e-01
42   1.912947e-01
43   7.116861e-02
44   nan
45   3.538036e-11
46   nan
47   0.000000e+00
48   8.508519e-25
49   1.099488e-03
50   8.938039e-02
51   8.219397e-02
52   2.400290e-02
53   1.906287e-01
54   4.442565e-01
55   3.166734e-01
56   3.241026e-01
57   6.169103e-01
58   7.164342e-01
59   6.984821e-01
60   8.021564e-01
61   8.958493e-01
62   9.046713e-01
63   9.570707e-01
64   9.671552e-01
65   9.866330e-01
66   9.877008e-01
67   9.916034e-01
68   9.915126e-01
69   9.873227e-01
70   9.885596e-01
71   9.928089e-01
72   9.917580e-01
73   9.886006e-01
74   9.916538e-01
75   9.941990e-01
76   9.923159e-01
77   9.914325e-01
78   9.946049e-01
79   9.949574e-01
80   9.932043e-01
81   9.948288e-01
82   9.964601e-01
83   9.961252e-01
84   9.952214e-01
85   9.960972e-01
86   9.968673e-01
