# residue i_ratio gamma_2
1.000000000000000000e+00 nan nan
2.000000000000000000e+00 5.241874122214612575e-01 9.302087297634606955e+00
3.000000000000000000e+00 6.819215765636774673e-01 4.979634286408754384e+00
4.000000000000000000e+00 8.217932824516650525e-01 2.372799857043433214e+00
5.000000000000000000e+00 7.000238891960931520e-01 4.591610835324947182e+00
6.000000000000000000e+00 4.612952802516603334e-01 1.169877590476394680e+01
7.000000000000000000e+00 6.540994641269274323e-01 5.611875976481962347e+00
8.000000000000000000e+00 7.363196798748853356e-01 3.863597702746407236e+00
9.000000000000000000e+00 5.486191675379279431e-01 8.496071895951123665e+00
1.000000000000000000e+01 5.507998828229577759e-01 8.427055815829776364e+00
1.100000000000000000e+01 7.702201065491740550e-01 3.237776461994460231e+00
1.200000000000000000e+01 7.801137792812254945e-01 3.064097876328140568e+00
1.300000000000000000e+01 6.684401803576668355e-01 5.280339978174663607e+00
1.400000000000000000e+01 8.396386969020074309e-01 2.095296176728338455e+00
1.500000000000000000e+01 9.005822224834145739e-01 1.221139038525205667e+00
1.600000000000000000e+01 9.691388304957564426e-01 3.551422799982463241e-01
1.700000000000000000e+01 9.716251644013467192e-01 3.257849156051424999e-01
1.800000000000000000e+01 9.764643271894587473e-01 2.690291436593646446e-01
1.900000000000000000e+01 nan nan
2.000000000000000000e+01 9.651583298323075377e-01 4.024227466817528742e-01
2.100000000000000000e+01 9.633346364244684823e-01 4.242009495803679697e-01
2.200000000000000000e+01 9.580664942392134176e-01 4.875269850726863807e-01
2.300000000000000000e+01 9.441692646202362038e-01 6.575960695140754542e-01
2.400000000000000000e+01 9.041782492928219783e-01 1.172823495616748701e+00
2.500000000000000000e+01 8.571678865940736136e-01 1.832634765241642372e+00
2.600000000000000000e+01 8.546371977219457960e-01 1.869968442899187844e+00
2.700000000000000000e+01 7.773672957368157332e-01 3.111923859394043923e+00
2.800000000000000000e+01 5.197489005371004334e-01 9.455306247682107923e+00
2.900000000000000000e+01 5.099997342054825022e-01 9.799651000083779095e+00
3.000000000000000000e+01 5.465500017800710708e-01 8.561985581242506527e+00
3.100000000000000000e+01 2.677805621069915820e-01 2.430195945465143126e+01
3.200000000000000000e+01 5.496574165714893795e-02 8.519097194048721633e+01
3.300000000000000000e+01 1.644714417366861525e-01 3.917696960632753189e+01
3.400000000000000000e+01 1.953232624739657253e-01 3.353103079352967342e+01
3.500000000000000000e+01 2.673706720851704022e-02 1.239044205941229251e+02
3.600000000000000000e+01 nan nan
3.700000000000000000e+01 2.405410256588535675e-02 1.300648413511467254e+02
3.800000000000000000e+01 1.472301369469291299e-01 4.304546285383634796e+01
3.900000000000000000e+01 2.555861972040712193e-01 2.557393694957797692e+01
4.000000000000000000e+01 1.743119568699117968e-03 3.107148968296874614e+02
4.100000000000000000e+01 9.815761379955321650e-03 1.864105071861109195e+02
4.200000000000000000e+01 7.669105914573390304e-02 6.944270527650677138e+01
4.300000000000000000e+01 4.336242140993882832e-01 1.293243185465408551e+01
4.400000000000000000e+01 nan nan
4.500000000000000000e+01 8.498408030676279923e-01 1.941264134293313459e+00
4.600000000000000000e+01 9.029887625234540582e-01 1.188767472757043420e+00
4.700000000000000000e+01 9.263917846283875601e-01 8.817551702765464849e-01
4.800000000000000000e+01 9.314105385700350848e-01 8.177025651530908101e-01
4.900000000000000000e+01 9.177177545226556932e-01 9.939244587430853262e-01
5.000000000000000000e+01 9.043263115364348348e-01 1.170841458916707767e+00
5.100000000000000000e+01 8.273345774536562391e-01 2.285504240841390811e+00
5.200000000000000000e+01 8.363541447085981462e-01 2.145589954412820077e+00
5.300000000000000000e+01 8.678874839847632305e-01 1.676627236095795004e+00
5.400000000000000000e+01 7.680393536956059419e-01 3.276583451741491793e+00
5.500000000000000000e+01 6.264093466459393911e-01 6.288654998091321779e+00
5.600000000000000000e+01 7.423835629253573432e-01 3.748006835322159613e+00
5.700000000000000000e+01 7.772484245997545171e-01 3.114000490770487684e+00
5.800000000000000000e+01 5.913014390507088658e-01 7.223881403103000309e+00
5.900000000000000000e+01 5.628292243173216303e-01 8.054459412549315189e+00
6.000000000000000000e+01 7.678763628361959803e-01 3.279491633556214314e+00
6.100000000000000000e+01 7.153254009023667370e-01 4.276896023321377527e+00
6.200000000000000000e+01 6.713490405342813494e-01 5.214578313105044494e+00
6.300000000000000000e+01 6.937829927984552336e-01 4.723410086380509298e+00
6.400000000000000000e+01 7.156654114527899457e-01 4.270035236651754218e+00
6.500000000000000000e+01 8.013292513492874525e-01 2.704344401995504743e+00
6.600000000000000000e+01 5.479180561444809694e-01 8.518359048821485757e+00
6.700000000000000000e+01 6.658365196876532277e-01 5.339620665867913729e+00
6.800000000000000000e+01 8.007777070327553037e-01 2.713485543545801626e+00
6.900000000000000000e+01 7.267942441959598376e-01 4.048550717616349104e+00
7.000000000000000000e+01 6.125745188292659460e-01 6.646294513368902201e+00
7.100000000000000000e+01 8.007006551802960947e-01 2.714763457676287572e+00
7.200000000000000000e+01 8.709514213637644664e-01 1.632659593726567104e+00
7.300000000000000000e+01 7.963846681110764436e-01 2.786690299137049909e+00
7.400000000000000000e+01 8.084155271910447027e-01 2.587871547145084161e+00
7.500000000000000000e+01 9.134757758037528319e-01 1.049468107661319705e+00
7.600000000000000000e+01 9.206482974558265475e-01 9.558179050678565769e-01
7.700000000000000000e+01 8.939629774356733227e-01 1.310973582793305559e+00
7.800000000000000000e+01 9.349168617851419949e-01 7.733153768036018505e-01
7.900000000000000000e+01 9.626946844134193215e-01 4.318605678890071742e-01
8.000000000000000000e+01 9.593600231818453228e-01 4.719206376154893579e-01
8.100000000000000000e+01 9.634286865997809812e-01 4.230760227301007537e-01
8.200000000000000000e+01 9.789496726113531277e-01 2.400746506470583519e-01
8.300000000000000000e+01 9.837170937460623099e-01 1.848995072878059642e-01
8.400000000000000000e+01 9.816502533101967298e-01 2.087610639270629787e-01
8.500000000000000000e+01 9.820419340083792470e-01 2.042322447182300660e-01
8.600000000000000000e+01 9.834896883834380876e-01 1.875205042354950447e-01
