# residue i_ratio gamma_2
1.000000000000000000e+00 nan nan
2.000000000000000000e+00 8.249582296141069193e-01 2.322814204743044453e+00
3.000000000000000000e+00 8.280926784912677752e-01 2.273641237716971020e+00
4.000000000000000000e+00 7.281646885443908701e-01 4.021682600362429305e+00
5.000000000000000000e+00 7.197302952543201959e-01 4.188448433943340099e+00
6.000000000000000000e+00 6.836822935949123936e-01 4.941115930656240884e+00
7.000000000000000000e+00 4.054354911625655533e-01 1.432892667601529091e+01
8.000000000000000000e+00 2.896931673790770212e-01 2.222614308333605493e+01
9.000000000000000000e+00 3.786534286642632141e-01 1.580976872472584560e+01
1.000000000000000000e+01 1.762164564038235237e-01 3.685916361061475044e+01
1.100000000000000000e+01 1.176064848553880215e-02 1.745032438181649752e+02
1.200000000000000000e+01 5.660414040694892318e-02 8.374423741459874293e+01
1.300000000000000000e+01 1.229581408707987600e-01 4.972482661522268899e+01
1.400000000000000000e+01 5.311624043151988092e-03 2.285949097503198573e+02
1.500000000000000000e+01 1.647903029345030440e-02 1.529867927039122719e+02
1.600000000000000000e+01 5.999255991946215484e-03 2.200347154307380606e+02
1.700000000000000000e+01 7.656773246631401464e-02 6.951525468134792618e+01
1.800000000000000000e+01 4.560533859598187578e-01 1.192301502850338935e+01
1.900000000000000000e+01 nan nan
2.000000000000000000e+01 8.028238844676879316e-01 2.679628094280625650e+00
2.100000000000000000e+01 9.253133913226134766e-01 8.955988701839978638e-01
2.200000000000000000e+01 9.459702398739909812e-01 6.353056185392655930e-01
2.300000000000000000e+01 8.998861759096219437e-01 1.230530502956344252e+00
2.400000000000000000e+01 8.617821507799764413e-01 1.765061385299896424e+00
2.500000000000000000e+01 9.200077197517991801e-01 9.641290861172304716e-01
2.600000000000000000e+01 9.245648763039149287e-01 9.052246727444848151e-01
2.700000000000000000e+01 8.696257506765839862e-01 1.651649451049985506e+00
2.800000000000000000e+01 8.675601945739139786e-01 1.681340061533727503e+00
2.900000000000000000e+01 9.441311591412875348e-01 6.580685138053203875e-01
3.000000000000000000e+01 9.417152872233776062e-01 6.880907224659007504e-01
3.100000000000000000e+01 9.138389426144867267e-01 1.044694966305393491e+00
3.200000000000000000e+01 9.413275020000696491e-01 6.929225239423867366e-01
3.300000000000000000e+01 9.668160562038615735e-01 3.826900569699305810e-01
3.400000000000000000e+01 9.561631038923479320e-01 5.105596676509133180e-01
3.500000000000000000e+01 9.505378460754055903e-01 5.791101693923943472e-01
3.600000000000000000e+01 9.660995362137284603e-01 3.912117195292451610e-01
3.700000000000000000e+01 9.780450236760308558e-01 2.505986862244694025e-01
3.800000000000000000e+01 9.908044936742089748e-01 1.037515156628347063e-01
3.900000000000000000e+01 9.917258857641724212e-01 9.327807515145775108e-02
4.000000000000000000e+01 9.917506505006834505e-01 9.299681503476218969e-02
4.100000000000000000e+01 9.930290877820241446e-01 7.849427288455906870e-02
4.200000000000000000e+01 9.942734633822379875e-01 6.441014345268224195e-02
4.300000000000000000e+01 9.953569204035647155e-01 5.217296689752739386e-02
4.400000000000000000e+01 nan nan
4.500000000000000000e+01 9.964564626281630089e-01 3.977844050428735317e-02
4.600000000000000000e+01 9.971137267777709923e-01 3.238114025391083950e-02
4.700000000000000000e+01 9.968199840511011711e-01 3.568604382794803714e-02
4.800000000000000000e+01 9.958225539562585160e-01 4.692115232766637389e-02
4.900000000000000000e+01 9.934563703323965322e-01 7.365463533135074847e-02
5.000000000000000000e+01 9.883058075045297874e-01 1.322418289247182799e-01
5.100000000000000000e+01 9.856625297650083439e-01 1.625212250985069440e-01
5.200000000000000000e+01 9.902556528364636623e-01 1.099984523615507165e-01
5.300000000000000000e+01 9.876356852809381470e-01 1.399045423362785534e-01
5.400000000000000000e+01 9.791138208332421655e-01 2.381669290368061964e-01
5.500000000000000000e+01 9.852291762281950582e-01 1.674992422081325039e-01
5.600000000000000000e+01 9.899796531258434618e-01 1.131422351242784424e-01
5.700000000000000000e+01 9.861313322674601922e-01 1.571403995826288202e-01
5.800000000000000000e+01 9.833846961052684632e-01 1.887309748440455515e-01
5.900000000000000000e+01 9.888575934421504066e-01 1.259392334020256188e-01
6.000000000000000000e+01 9.904545212450823755e-01 1.077342064484106410e-01
6.100000000000000000e+01 9.884607448460137613e-01 1.304714726986874462e-01
6.200000000000000000e+01 9.915145316830303868e-01 9.567899408869329214e-02
6.300000000000000000e+01 9.934005482925315489e-01 7.428669518113577286e-02
6.400000000000000000e+01 9.913401384134993277e-01 9.766073819718051885e-02
6.500000000000000000e+01 9.883942969455620231e-01 1.312306637598718295e-01
6.600000000000000000e+01 9.850028020439618448e-01 1.701012024911943976e-01
6.700000000000000000e+01 9.790877107639556209e-01 2.384703406349692467e-01
6.800000000000000000e+01 9.775988231778366400e-01 2.557958641901374452e-01
6.900000000000000000e+01 9.696620112194386243e-01 3.489536735098337505e-01
7.000000000000000000e+01 9.461597578829824551e-01 6.329643690062974892e-01
7.100000000000000000e+01 9.321972828527231858e-01 8.077172016778021435e-01
7.200000000000000000e+01 9.327246922080583147e-01 8.010317014787654566e-01
7.300000000000000000e+01 8.884255595826436869e-01 1.387035636376527492e+00
7.400000000000000000e+01 7.886225111574353130e-01 2.917780844863816725e+00
7.500000000000000000e+01 7.703242617610064347e-01 3.235927794068587993e+00
7.600000000000000000e+01 7.705777948654185527e-01 3.231429616293831852e+00
7.700000000000000000e+01 5.569968539770409066e-01 8.233417812385038559e+00
7.800000000000000000e+01 3.468051468543872917e-01 1.780574468138840771e+01
7.900000000000000000e+01 4.682013617793501226e-01 1.140967510126114881e+01
8.000000000000000000e+01 4.266636394235780450e-01 1.326326187000098678e+01
8.100000000000000000e+01 1.013284912333714399e-01 5.742426460399099852e+01
8.200000000000000000e+01 9.196898917857705691e-02 6.148234295962111418e+01
8.300000000000000000e+01 2.444216479969948674e-01 2.682237485743040395e+01
8.400000000000000000e+01 2.008243283460288131e-01 3.265993504055307994e+01
8.500000000000000000e+01 3.067358130445911948e-02 1.160755912341089271e+02
8.600000000000000000e+01 nan nan
