1    nan
2    9.648969e-01
3    9.640953e-01
4    9.427998e-01
5    9.165670e-01
6    9.065385e-01
7    8.634558e-01
8    7.532230e-01
9    6.838377e-01
10   6.378641e-01
11   4.357631e-01
12   1.974399e-01
13   1.954861e-01
14   4.831407e-02
15   2.992523e-04
16   1.227824e-25
17   nan
18   0.000000e+00
19   nan
20   6.317608e-04
21   1.368668e-01
22   3.752120e-01
23   1.877345e-01
24   1.267319e-01
25   4.251286e-01
26   5.503935e-01
27   4.660801e-01
28   5.383096e-01
29   7.971787e-01
30   8.385719e-01
31   8.257625e-01
32   8.897458e-01
33   9.404029e-01
34   9.412371e-01
35   9.489215e-01
36   9.635563e-01
37   9.734854e-01
38   9.877432e-01
39   9.840832e-01
40   9.853931e-01
41   9.867168e-01
42   9.875221e-01
43   9.882832e-01
44   nan
45   9.881516e-01
46   9.913583e-01
47   9.889849e-01
48   9.816617e-01
49   9.638150e-01
50   9.244741e-01
51   9.197599e-01
52   9.495575e-01
53   9.263144e-01
54   8.791605e-01
55   9.362043e-01
56   9.585778e-01
57   9.371027e-01
58   9.400979e-01
59   9.665542e-01
60   9.700795e-01
61   9.692153e-01
62   9.807416e-01
63   9.884059e-01
64   9.850995e-01
65   9.850009e-01
66   9.853816e-01
67   9.824088e-01
68   9.779647e-01
69   9.649110e-01
70   9.507581e-01
71   9.468060e-01
72   9.259095e-01
73   8.646135e-01
74   8.239288e-01
75   8.119359e-01
76   6.937396e-01
77   4.672331e-01
78   4.624840e-01
79   3.767143e-01
80   1.086916e-01
81   4.024248e-02
82   8.221155e-02
83   2.043193e-02
84   3.308149e-07
85   2.630093e-07
86   2.065691e-18
