1    nan
2    9.099518e-01
3    9.107185e-01
4    8.472709e-01
5    8.199285e-01
6    8.068999e-01
7    6.452674e-01
8    4.801893e-01
9    5.057457e-01
10   3.755824e-01
11   9.465319e-02
12   6.739313e-02
13   1.605394e-01
14   1.277960e-02
15   1.021791e-03
16   1.100194e-82
17   9.414482e-17
18   2.046619e-02
19   nan
20   4.038601e-01
21   7.858598e-01
22   8.617923e-01
23   7.386636e-01
24   6.740496e-01
25   8.345770e-01
26   8.515859e-01
27   7.681786e-01
28   7.977117e-01
29   9.174598e-01
30   9.192076e-01
31   8.950118e-01
32   9.334020e-01
33   9.628254e-01
34   9.549774e-01
35   9.548139e-01
36   9.692560e-01
37   9.790426e-01
38   9.907921e-01
39   9.906872e-01
40   9.912041e-01
41   9.923708e-01
42   9.936543e-01
43   9.943536e-01
44   nan
45   9.953511e-01
46   9.964901e-01
47   9.959623e-01
48   9.941875e-01
49   9.896608e-01
50   9.817768e-01
51   9.779310e-01
52   9.854876e-01
53   9.804288e-01
54   9.671030e-01
55   9.790888e-01
56   9.857038e-01
57   9.790662e-01
58   9.768415e-01
59   9.853656e-01
60   9.869531e-01
61   9.850085e-01
62   9.895740e-01
63   9.925399e-01
64   9.901860e-01
65   9.875262e-01
66   9.859988e-01
67   9.811687e-01
68   9.781261e-01
69   9.685652e-01
70   9.489442e-01
71   9.375640e-01
72   9.274086e-01
73   8.747381e-01
74   7.914837e-01
75   7.651125e-01
76   7.089325e-01
77   4.601067e-01
78   3.176277e-01
79   3.385496e-01
80   1.795359e-01
81   1.472109e-02
82   1.860393e-02
83   2.493818e-02
84   4.395702e-04
85   3.298617e-14
86   nan
