1    nan
2    8.422351e-01
3    9.091633e-01
4    9.133683e-01
5    8.426210e-01
6    8.884876e-01
7    9.504487e-01
8    9.412004e-01
9    9.367928e-01
10   9.724049e-01
11   9.824680e-01
12   9.809623e-01
13   9.855695e-01
14   9.926586e-01
15   9.943579e-01
16   9.972015e-01
17   9.973782e-01
18   9.979055e-01
19   nan
20   9.937007e-01
21   9.949847e-01
22   9.910679e-01
23   9.865462e-01
24   9.854503e-01
25   9.786950e-01
26   9.562520e-01
27   9.389079e-01
28   9.468769e-01
29   8.933397e-01
30   7.323354e-01
31   7.490977e-01
32   7.623259e-01
33   4.649775e-01
34   2.251459e-01
35   4.444263e-01
36   5.884262e-01
37   4.020210e-01
38   2.371472e-01
39   6.678631e-01
40   8.939819e-01
41   9.486350e-01
42   9.813874e-01
43   9.848296e-01
44   nan
45   9.956690e-01
46   9.976131e-01
47   9.982266e-01
48   9.979459e-01
49   9.973908e-01
50   9.970872e-01
51   9.947825e-01
52   9.940324e-01
53   9.917247e-01
54   9.858144e-01
55   9.798182e-01
56   9.759562e-01
57   9.610065e-01
58   9.191205e-01
59   8.956011e-01
60   8.675792e-01
61   6.433856e-01
62   5.403580e-01
63   1.174043e-01
64   1.160607e-02
65   nan
66   2.900368e-88
67   3.720213e-36
68   4.453211e-73
69   9.146618e-09
70   1.550919e-02
71   8.396712e-02
72   1.918137e-01
73   4.340510e-01
74   6.778592e-01
75   8.037540e-01
76   8.657489e-01
77   9.269788e-01
78   9.568710e-01
79   9.713680e-01
80   9.804750e-01
81   9.878107e-01
82   9.918144e-01
83   9.939481e-01
84   9.953657e-01
85   9.962409e-01
86   9.976468e-01
