# residue i_ratio gamma_2
1.000000000000000000e+00 nan nan
2.000000000000000000e+00 7.127644623930661227e-01 4.328753103893056675e+00
3.000000000000000000e+00 7.983916120105712944e-01 2.753159440431158789e+00
4.000000000000000000e+00 8.489209365719312395e-01 1.955018539184009585e+00
5.000000000000000000e+00 7.942189189436799079e-01 2.823040773326387143e+00
6.000000000000000000e+00 8.255761204510342344e-01 2.313094824301844099e+00
7.000000000000000000e+00 9.114090601241756628e-01 1.076695407061114995e+00
8.000000000000000000e+00 9.164259038970414828e-01 1.010791380193482913e+00
9.000000000000000000e+00 9.121901563417162961e-01 1.066392235239858488e+00
1.000000000000000000e+01 9.496154812123610567e-01 5.904192818371186702e-01
1.100000000000000000e+01 9.676066470278018583e-01 3.733005207890631727e-01
1.200000000000000000e+01 9.681340041893967685e-01 3.670449111052753732e-01
1.300000000000000000e+01 9.727654155976633854e-01 3.123661933703080762e-01
1.400000000000000000e+01 9.846643755164435907e-01 1.739930928386306530e-01
1.500000000000000000e+01 9.882241777166578256e-01 1.331747525799377718e-01
1.600000000000000000e+01 9.937726759956642120e-01 7.007437936108998344e-02
1.700000000000000000e+01 9.941838920000901636e-01 6.542288032425511157e-02
1.800000000000000000e+01 9.951731587349487151e-01 5.424679768785535539e-02
1.900000000000000000e+01 nan nan
2.000000000000000000e+01 9.883749638276837501e-01 1.314515686838566288e-01
2.100000000000000000e+01 9.895655372971150499e-01 1.178621729185689443e-01
2.200000000000000000e+01 9.832729769176458134e-01 1.900192544414812390e-01
2.300000000000000000e+01 9.780582587753358093e-01 2.504445933330382568e-01
2.400000000000000000e+01 9.759522897210812786e-01 2.750107751272780066e-01
2.500000000000000000e+01 9.652373671772617181e-01 4.014805564435308116e-01
2.600000000000000000e+01 9.427141867901712713e-01 6.756607282746203147e-01
2.700000000000000000e+01 9.291957534595799428e-01 8.458933069649933190e-01
2.800000000000000000e+01 9.271788070054546305e-01 8.716699549755972942e-01
2.900000000000000000e+01 8.674192500332922329e-01 1.683370568909635434e+00
3.000000000000000000e+01 7.697815002835006748e-01 3.245566146001217511e+00
3.100000000000000000e+01 7.654709208106583729e-01 3.322536570504370346e+00
3.200000000000000000e+01 7.163442860835628201e-01 4.256353673391675585e+00
3.300000000000000000e+01 4.647233473514398305e-01 1.155438556854976540e+01
3.400000000000000000e+01 3.600738168373547321e-01 1.693994888846773961e+01
3.500000000000000000e+01 3.946771806701959151e-01 1.490426915787315920e+01
3.600000000000000000e+01 3.611357053656086280e-01 1.687285659042183639e+01
3.700000000000000000e+01 1.544158558977819506e-01 4.135858882422413529e+01
3.800000000000000000e+01 1.606412296895046573e-08 1.327953628897123963e+03
3.900000000000000000e+01 2.220305784960273365e-01 2.960643298211093111e+01
4.000000000000000000e+01 5.241526897590493839e-01 9.303277504241361129e+00
4.100000000000000000e+01 7.282591903254901355e-01 4.019833088327202653e+00
4.200000000000000000e+01 9.000237226139715663e-01 1.228673622754373085e+00
4.300000000000000000e+01 9.219816454408631401e-01 9.385512552104554596e-01
4.400000000000000000e+01 nan nan
4.500000000000000000e+01 9.797899619783237979e-01 2.303148703650361728e-01
4.600000000000000000e+01 9.882282598459989353e-01 1.331280958125853620e-01
4.700000000000000000e+01 9.917143011488267490e-01 9.340964921422220679e-02
4.800000000000000000e+01 9.915549061723972768e-01 9.522028132639620557e-02
4.900000000000000000e+01 9.905579040722152229e-01 1.065574468143621473e-01
5.000000000000000000e+01 9.902800318129648671e-01 1.097208381859874765e-01
5.100000000000000000e+01 9.835811647308052574e-01 1.864660488116708648e-01
5.200000000000000000e+01 9.803331476939955991e-01 2.240138341357199581e-01
5.300000000000000000e+01 9.763429009634038147e-01 2.704471406599940897e-01
5.400000000000000000e+01 9.650835989757678979e-01 4.033137265790764925e-01
5.500000000000000000e+01 9.447701206461582846e-01 6.501509417319041306e-01
5.600000000000000000e+01 9.318993331549106918e-01 8.114970183451875041e-01
5.700000000000000000e+01 9.147318325747995083e-01 1.032973912518511117e+00
5.800000000000000000e+01 8.433751039358887702e-01 2.038502892066974326e+00
5.900000000000000000e+01 7.633555961192034500e-01 3.360585341036343987e+00
6.000000000000000000e+01 7.416993820813820859e-01 3.760966582421712001e+00
6.100000000000000000e+01 5.275620178760291878e-01 9.187039418004591340e+00
6.200000000000000000e+01 2.953560979769471739e-01 2.172874124159091025e+01
6.300000000000000000e+01 7.142990792356311145e-17 3.164770265462131647e+03
6.400000000000000000e+01 1.068035953754179097e-02 1.808187874263520598e+02
6.500000000000000000e+01 nan nan
6.600000000000000000e+01 1.119189696940389549e-04 5.329616443271540902e+02
6.700000000000000000e+01 1.648206339424462645e-03 3.149977867365730049e+02
6.800000000000000000e+01 2.744706440460507185e-02 1.223952948902539077e+02
6.900000000000000000e+01 1.277487560471824157e-01 4.826796277744152519e+01
7.000000000000000000e+01 2.531597284391920999e-01 2.583813638722497785e+01
7.100000000000000000e+01 3.768037883680043221e-01 1.591826693140391491e+01
7.200000000000000000e+01 5.370916164963788209e-01 8.868706089288728833e+00
7.300000000000000000e+01 6.778786300416652644e-01 5.068731835581403722e+00
7.400000000000000000e+01 7.783572239818917771e-01 3.094651728290780390e+00
7.500000000000000000e+01 8.499882498103544792e-01 1.939061859999900550e+00
7.600000000000000000e+01 8.917946094647563049e-01 1.340658719501582663e+00
7.700000000000000000e+01 9.275498593568772820e-01 8.669204175436948656e-01
7.800000000000000000e+01 9.495959119949035632e-01 5.906594318270209643e-01
7.900000000000000000e+01 9.643228212942609456e-01 4.123911172310212869e-01
8.000000000000000000e+01 9.734633833909185352e-01 3.041661969225513129e-01
8.100000000000000000e+01 9.810457291986263151e-01 2.157572284155916120e-01
8.200000000000000000e+01 9.862223954858262420e-01 1.560957233916092368e-01
8.300000000000000000e+01 9.893845155753152598e-01 1.199264999220207295e-01
8.400000000000000000e+01 9.913579966882503092e-01 9.745777437366150153e-02
8.500000000000000000e+01 9.925711377122120593e-01 8.368540228243703805e-02
8.600000000000000000e+01 9.947849850355480195e-01 5.862975914108903286e-02
